-0.10641,-1.4114,-5.0921,-0.12238,-0.098448,0.22905
-0.08352,-1.403,-5.1074,-0.12282,-0.098603,0.22904
-0.089909,-1.4002,-5.1696,-0.12131,-0.099133,0.22905
-0.077848,-1.3858,-5.1021,-0.12074,-0.098429,0.22935
-0.070478,-1.3993,-5.1234,-0.12137,-0.098904,0.22904
-0.048263,-1.4084,-5.1622,-0.11943,-0.099274,0.22887
-0.064248,-1.3676,-5.1155,-0.12072,-0.099161,0.22897
-0.06894,-1.3697,-5.1778,-0.12045,-0.099199,0.22898
-0.034893,-1.3959,-5.1248,-0.11887,-0.099555,0.22922
-0.045056,-1.3923,-5.1395,-0.11914,-0.099561,0.22907
-0.032172,-1.3764,-5.1017,-0.12004,-0.099599,0.22941
-0.027336,-1.3676,-5.1479,-0.1184,-0.1,0.22921
-0.084044,-1.3497,-5.1712,-0.11961,-0.099538,0.22932
-0.035078,-1.3629,-5.1395,-0.11844,-0.099892,0.22903
-0.052589,-1.346,-5.1405,-0.11957,-0.099629,0.22936
-0.066868,-1.3584,-5.1006,-0.12005,-0.099834,0.22926
-0.019399,-1.3864,-5.1249,-0.11863,-0.099945,0.22929
-0.027153,-1.395,-5.2096,-0.11931,-0.099975,0.22922
-0.033738,-1.3632,-5.1637,-0.11874,-0.099375,0.22914
-0.051641,-1.3832,-5.1254,-0.11869,-0.099008,0.22923
-0.019308,-1.3693,-5.1579,-0.11857,-0.099184,0.22955
-0.025299,-1.3395,-5.1803,-0.11779,-0.09951,0.22929
-0.025251,-1.3572,-5.2337,-0.11779,-0.099686,0.22912
-0.064909,-1.3162,-5.1482,-0.11999,-0.09957,0.22936
-0.058287,-1.3353,-5.2033,-0.11904,-0.099384,0.22939
-0.059521,-1.3181,-5.1429,-0.11807,-0.099135,0.22964
-0.068749,-1.2869,-5.1519,-0.11759,-0.098819,0.2298
-0.066166,-1.2711,-5.2215,-0.11701,-0.09882,0.22963
-0.066273,-1.2662,-5.1513,-0.11703,-0.099224,0.22968
-0.032758,-1.2732,-5.2282,-0.11634,-0.099932,0.22954
-0.032152,-1.2787,-5.1984,-0.11743,-0.099519,0.22988
-0.011332,-1.2838,-5.2436,-0.1159,-0.10006,0.22946
-0.02728,-1.2887,-5.2746,-0.11744,-0.099865,0.22959
-0.073847,-1.2889,-5.1972,-0.11798,-0.099179,0.22963
-0.07914,-1.3023,-5.2063,-0.11795,-0.098514,0.22982
-0.10521,-1.3087,-5.2742,-0.11981,-0.098059,0.22942
-0.088607,-1.3177,-5.2594,-0.11928,-0.098103,0.22954
-0.1002,-1.292,-5.2523,-0.11839,-0.097939,0.22955
-0.11455,-1.3193,-5.2605,-0.11975,-0.097626,0.2298
-0.10206,-1.3309,-5.2443,-0.11999,-0.097652,0.22966
-0.084484,-1.3057,-5.2528,-0.11843,-0.098208,0.22976
-0.027622,-1.3281,-5.2441,-0.118,-0.098776,0.22954
-0.049207,-1.3076,-5.2914,-0.11814,-0.098852,0.22978
-0.02928,-1.3188,-5.2592,-0.11673,-0.099089,0.22935
-0.0623,-1.3198,-5.268,-0.11809,-0.098745,0.22975
-0.057033,-1.2896,-5.2141,-0.11821,-0.098747,0.22985
-0.022319,-1.3058,-5.2456,-0.11647,-0.099052,0.2298
-0.01855,-1.2847,-5.2375,-0.1177,-0.099592,0.22998
0.004026,-1.267,-5.2051,-0.11806,-0.10001,0.22972
-0.025435,-1.2748,-5.1898,-0.11866,-0.099821,0.22987
-0.004221,-1.29,-5.2532,-0.11663,-0.099648,0.2299
-0.027368,-1.2727,-5.1831,-0.11768,-0.098944,0.22979
-0.049992,-1.2759,-5.2539,-0.11779,-0.09888,0.23006
-0.052369,-1.2867,-5.2306,-0.11751,-0.098726,0.22999
-0.045949,-1.2828,-5.2155,-0.11568,-0.098657,0.22986
-0.079132,-1.2522,-5.23,-0.11827,-0.098242,0.22982
-0.084111,-1.2507,-5.1842,-0.11744,-0.098055,0.22988
-0.08949,-1.2549,-5.2175,-0.11651,-0.097234,0.23011
-0.11367,-1.2693,-5.1936,-0.11746,-0.09692,0.23004
-0.09768,-1.2692,-5.1857,-0.11745,-0.097145,0.23004
-0.072768,-1.2731,-5.184,-0.11837,-0.097641,0.22981
-0.050345,-1.2644,-5.1613,-0.11799,-0.09809,0.22999
-0.03374,-1.2846,-5.2619,-0.11786,-0.099197,0.23019
-0.012676,-1.3262,-5.2514,-0.11753,-0.10013,0.22974
0.017897,-1.2725,-5.1741,-0.11773,-0.10035,0.2298
0.025896,-1.2758,-5.1896,-0.11761,-0.10103,0.22997
0.054414,-1.2909,-5.2034,-0.11772,-0.10163,0.22966
0.054248,-1.2763,-5.2584,-0.11738,-0.10193,0.22986
0.043628,-1.2504,-5.2038,-0.11678,-0.10178,0.22966
0.067796,-1.2504,-5.1414,-0.11692,-0.10217,0.22968
0.052875,-1.2552,-5.1736,-0.1172,-0.10156,0.22986
0.050876,-1.2277,-5.1969,-0.11644,-0.10192,0.22985
0.073287,-1.2335,-5.1741,-0.11626,-0.10198,0.22994
0.050877,-1.2511,-5.2204,-0.11664,-0.10166,0.22988
0.07857,-1.2028,-5.2126,-0.11689,-0.10211,0.22992
0.057302,-1.2236,-5.1819,-0.1161,-0.10215,0.23
0.038349,-1.2077,-5.1663,-0.11627,-0.10164,0.22987
0.036279,-1.2177,-5.1824,-0.11591,-0.1017,0.23001
0.035209,-1.1971,-5.1212,-0.11581,-0.10094,0.23001
0.011638,-1.2067,-5.161,-0.11524,-0.10015,0.23002
-0.00925,-1.1965,-5.1537,-0.11583,-0.099669,0.2301
-0.019828,-1.1796,-5.2151,-0.11584,-0.099394,0.22983
-0.021323,-1.2005,-5.1859,-0.1152,-0.098533,0.23
-0.051766,-1.2217,-5.2237,-0.11554,-0.098637,0.2299
-0.037316,-1.2045,-5.201,-0.11516,-0.098618,0.22995
-0.024605,-1.169,-5.2002,-0.11568,-0.099128,0.22987
-0.035337,-1.2064,-5.1616,-0.11547,-0.09962,0.23013
0.002259,-1.2123,-5.1923,-0.11574,-0.099986,0.23011
0.027835,-1.2056,-5.2072,-0.11582,-0.10082,0.23013
0.024189,-1.1888,-5.1765,-0.115,-0.101,0.23018
0.037368,-1.1945,-5.1912,-0.11594,-0.10148,0.2302
0.055636,-1.1695,-5.2139,-0.11528,-0.10188,0.23001
0.055596,-1.164,-5.1987,-0.11366,-0.10216,0.22998
0.075584,-1.1521,-5.1744,-0.11355,-0.1026,0.2298
0.091892,-1.1373,-5.1982,-0.11334,-0.10312,0.23001
0.076592,-1.1369,-5.1514,-0.11356,-0.10313,0.23002
0.061041,-1.1746,-5.1445,-0.11412,-0.10244,0.23018
0.028669,-1.1982,-5.1747,-0.115,-0.10197,0.23002
0.03015,-1.2269,-5.1438,-0.11577,-0.10116,0.22993
-0.024353,-1.259,-5.1433,-0.11643,-0.10032,0.22978
-0.031508,-1.2794,-5.1139,-0.11631,-0.099023,0.22985
-0.080848,-1.3162,-5.1195,-0.11933,-0.09938,0.2299
-0.048483,-1.3667,-5.0808,-0.1184,-0.099561,0.22987
-0.097235,-1.3747,-5.0826,-0.12013,-0.097852,0.23015
-0.084021,-1.3903,-5.0513,-0.11906,-0.097773,0.2299
-0.12666,-1.383,-5.0905,-0.11924,-0.097099,0.2299
-0.15474,-1.3686,-5.0916,-0.12003,-0.096075,0.23003
-0.17073,-1.3726,-5.1059,-0.11999,-0.096161,0.22976
-0.15528,-1.3769,-5.098,-0.11987,-0.096646,0.22983
-0.15117,-1.3873,-5.0963,-0.12063,-0.097363,0.2297
-0.15543,-1.3815,-5.0818,-0.12066,-0.09684,0.22983
-0.12867,-1.3804,-5.0194,-0.12131,-0.097129,0.22984
-0.1393,-1.3859,-5.0031,-0.12083,-0.097343,0.2297
-0.11564,-1.3099,-5.0689,-0.11824,-0.098357,0.23053
-0.06689,-1.3402,-4.9841,-0.11936,-0.099961,0.22919
-0.11089,-1.3322,-5.0418,-0.1188,-0.097486,0.22933
-0.11322,-1.295,-5.0017,-0.11945,-0.098584,0.22936
-0.10598,-1.3151,-4.9488,-0.11895,-0.098068,0.22954
-0.16605,-1.3317,-5.011,-0.11829,-0.096968,0.22931
-0.18424,-1.3206,-4.9882,-0.11873,-0.096157,0.22926
-0.22589,-1.3266,-4.934,-0.11864,-0.095632,0.22925
-0.21797,-1.3609,-4.9901,-0.11976,-0.094701,0.22957
-0.23217,-1.3805,-5.0176,-0.12,-0.095697,0.22902
-0.18496,-1.3629,-4.989,-0.11976,-0.096046,0.22962
-0.1639,-1.3941,-4.962,-0.12075,-0.097849,0.2293
-0.099407,-1.3709,-5.0016,-0.11979,-0.098191,0.22932
-0.11057,-1.3339,-4.9387,-0.1188,-0.099184,0.2293
-0.098021,-1.3313,-4.9541,-0.11885,-0.099245,0.22926
-0.086801,-1.3296,-4.9548,-0.11719,-0.099042,0.22916
-0.090716,-1.3552,-4.9461,-0.11823,-0.098991,0.22904
-0.1114,-1.3443,-4.9755,-0.12098,-0.099042,0.22898
-0.090225,-1.3282,-4.9609,-0.12039,-0.098853,0.22903
-0.10803,-1.3798,-4.9455,-0.11979,-0.098613,0.22904
-0.087014,-1.3671,-4.9304,-0.11833,-0.098939,0.22901
-0.10336,-1.4004,-4.9072,-0.11869,-0.098418,0.22898
-0.13689,-1.4064,-4.9148,-0.12152,-0.098233,0.2293
-0.11184,-1.4111,-4.8457,-0.11968,-0.098018,0.22919
-0.16195,-1.4046,-4.7999,-0.12099,-0.09709,0.22937
-0.18974,-1.4012,-4.8526,-0.12156,-0.097304,0.22912
-0.18595,-1.4032,-4.8914,-0.12143,-0.097418,0.22914
-0.17665,-1.4077,-4.8139,-0.12116,-0.097323,0.2291
-0.16334,-1.4266,-4.8527,-0.12139,-0.097928,0.22929
-0.14985,-1.4056,-4.8682,-0.12226,-0.097876,0.22932
-0.193,-1.4256,-4.8691,-0.12185,-0.097506,0.22951
-0.18593,-1.4172,-4.8291,-0.12244,-0.097624,0.2293
-0.15888,-1.3919,-4.8604,-0.12192,-0.098013,0.22932
-0.13902,-1.3785,-4.7836,-0.12023,-0.099172,0.22964
-0.076551,-1.3554,-4.8446,-0.12023,-0.10018,0.22949
-0.055951,-1.3411,-4.8204,-0.11928,-0.10153,0.22948
-0.020166,-1.3143,-4.8275,-0.11881,-0.10266,0.2295
0.020419,-1.2903,-4.8422,-0.11859,-0.10335,0.22934
0.015765,-1.2881,-4.8428,-0.11768,-0.10329,0.22939
-0.00109,-1.2752,-4.8594,-0.11818,-0.10298,0.22964
0.009489,-1.2596,-4.8519,-0.1155,-0.10284,0.22929
-0.030121,-1.2886,-4.8675,-0.11823,-0.10198,0.22951
-0.052855,-1.2797,-4.8461,-0.11704,-0.1011,0.22965
-0.079916,-1.2908,-4.8763,-0.11804,-0.1008,0.22952
-0.078906,-1.3059,-4.8701,-0.11706,-0.099686,0.22948
-0.11114,-1.3053,-4.8927,-0.11691,-0.099674,0.22936
-0.1252,-1.315,-4.8944,-0.11827,-0.098917,0.22977
-0.15645,-1.3106,-4.8801,-0.11698,-0.09814,0.22975
-0.17151,-1.3531,-4.8657,-0.11772,-0.097282,0.22999
-0.17729,-1.352,-4.9412,-0.121,-0.097467,0.22987
-0.16916,-1.3473,-4.8653,-0.11812,-0.097309,0.22991
-0.17729,-1.288,-4.8738,-0.11911,-0.097158,0.23014
-0.1987,-1.2771,-4.8823,-0.11798,-0.096863,0.23014
-0.1855,-1.26,-4.8983,-0.11574,-0.096749,0.22989
-0.17941,-1.2706,-4.845,-0.1156,-0.096761,0.23017
-0.20155,-1.2741,-4.8755,-0.11744,-0.096784,0.2303
-0.22006,-1.2444,-4.7986,-0.11771,-0.096323,0.23041
-0.23089,-1.277,-4.861,-0.11725,-0.096577,0.23056
-0.2245,-1.2513,-4.7837,-0.11695,-0.096318,0.23049
-0.22097,-1.2343,-4.875,-0.11718,-0.09674,0.23012
-0.20589,-1.2536,-4.8832,-0.11793,-0.096796,0.23033
-0.19969,-1.2545,-4.8139,-0.11697,-0.09697,0.23043
-0.17326,-1.276,-4.8126,-0.11833,-0.09749,0.23038
-0.14381,-1.2353,-4.7891,-0.11745,-0.098116,0.23028
-0.12257,-1.2486,-4.8827,-0.11517,-0.098777,0.23028
-0.16891,-1.2159,-4.8366,-0.1161,-0.098401,0.23048
-0.13666,-1.1884,-4.8673,-0.11661,-0.098587,0.2304
-0.10865,-1.1869,-4.783,-0.11606,-0.098599,0.23058
-0.10794,-1.1854,-4.836,-0.11522,-0.098895,0.23019
-0.10191,-1.1909,-4.8293,-0.11415,-0.098882,0.23034
-0.12599,-1.1775,-4.8367,-0.11479,-0.098599,0.23027
-0.15005,-1.1823,-4.8059,-0.11491,-0.098357,0.23036
-0.15723,-1.1683,-4.7446,-0.11435,-0.098199,0.23046
-0.11838,-1.1776,-4.8363,-0.11546,-0.098809,0.2303
-0.12359,-1.1945,-4.8389,-0.11315,-0.098323,0.23057
-0.14228,-1.1685,-4.8142,-0.11472,-0.098459,0.23047
-0.1322,-1.1773,-4.7447,-0.11464,-0.098286,0.23049
-0.15346,-1.1435,-4.8154,-0.11474,-0.097961,0.23063
-0.15635,-1.151,-4.7854,-0.11294,-0.097063,0.23044
-0.19609,-1.1603,-4.7932,-0.1146,-0.096804,0.23065
-0.171,-1.1739,-4.8406,-0.11486,-0.096753,0.23086
-0.18792,-1.1877,-4.7698,-0.1149,-0.09702,0.23076
-0.15329,-1.1755,-4.7915,-0.11508,-0.098111,0.23059
-0.1093,-1.1826,-4.7917,-0.11364,-0.098191,0.23041
-0.14701,-1.1389,-4.8157,-0.11432,-0.098405,0.23077
-0.12052,-1.1502,-4.767,-0.11485,-0.099445,0.23054
-0.10533,-1.1451,-4.7514,-0.11308,-0.099851,0.2304
-0.067233,-1.1548,-4.7731,-0.11494,-0.10074,0.23041
-0.09452,-1.1342,-4.7116,-0.11507,-0.10043,0.23055
-0.10812,-1.1653,-4.8057,-0.11415,-0.099758,0.23052
-0.10982,-1.1667,-4.7825,-0.11469,-0.099623,0.23057
-0.10757,-1.133,-4.7911,-0.11403,-0.099666,0.23068
-0.059086,-1.1557,-4.7907,-0.11279,-0.099924,0.23042
-0.095435,-1.1389,-4.797,-0.11474,-0.10036,0.23048
-0.08686,-1.1397,-4.83,-0.1149,-0.099811,0.23081
-0.087556,-1.1208,-4.7904,-0.11235,-0.099934,0.23032
-0.085605,-1.1206,-4.7915,-0.11354,-0.099707,0.23069
-0.089841,-1.1137,-4.7222,-0.11281,-0.099795,0.23079
-0.10582,-1.1211,-4.837,-0.11326,-0.10032,0.23059
-0.10406,-1.0886,-4.7679,-0.1135,-0.10021,0.23076
-0.076274,-1.0926,-4.6978,-0.113,-0.09978,0.23047
-0.13432,-1.1207,-4.6747,-0.11363,-0.099707,0.23073
-0.16172,-1.0912,-4.6909,-0.11354,-0.099022,0.2307
-0.1805,-1.1308,-4.6832,-0.11426,-0.098309,0.23067
-0.21081,-1.1219,-4.5992,-0.11329,-0.097419,0.23072
-0.24961,-1.1362,-4.708,-0.11508,-0.096408,0.23076
-0.26863,-1.1672,-4.6148,-0.11512,-0.095598,0.23058
-0.30871,-1.1905,-4.6687,-0.11601,-0.095054,0.23053
-0.31213,-1.1897,-4.6158,-0.11563,-0.09418,0.2306
-0.30693,-1.1762,-4.63,-0.11633,-0.094987,0.23054
-0.30372,-1.1983,-4.6386,-0.11644,-0.094532,0.23066
-0.30755,-1.2099,-4.5917,-0.11669,-0.094511,0.23063
-0.31028,-1.179,-4.6224,-0.11733,-0.094669,0.23062
-0.26456,-1.227,-4.6234,-0.1166,-0.094652,0.23077
-0.26515,-1.2315,-4.5841,-0.11656,-0.094961,0.23074
-0.20797,-1.1915,-4.645,-0.11605,-0.096575,0.23066
-0.19319,-1.1737,-4.5912,-0.115,-0.09677,0.23068
-0.16498,-1.1363,-4.6205,-0.11362,-0.098214,0.2304
-0.15449,-1.097,-4.6132,-0.11291,-0.09877,0.23055
-0.11067,-1.0711,-4.627,-0.11252,-0.099483,0.23013
-0.11639,-1.1196,-4.6662,-0.11324,-0.099808,0.23047
-0.073019,-1.1347,-4.6867,-0.1138,-0.10099,0.23007
-0.048767,-1.1727,-4.6248,-0.11515,-0.10088,0.23027
-0.055455,-1.1979,-4.6776,-0.11537,-0.10153,0.23012
-0.084289,-1.2156,-4.7317,-0.11613,-0.10068,0.22997
-0.10269,-1.1817,-4.7262,-0.11481,-0.099518,0.23004
-0.16715,-1.1701,-4.7436,-0.11481,-0.097859,0.23017
-0.18826,-1.1564,-4.7625,-0.11389,-0.096549,0.23056
-0.20654,-1.1635,-4.7177,-0.11299,-0.095717,0.23074
-0.17689,-1.1458,-4.7639,-0.11298,-0.096226,0.23068
-0.21056,-1.1647,-4.7863,-0.11502,-0.09638,0.23084
-0.17175,-1.0819,-4.7723,-0.11251,-0.096823,0.2309
-0.16627,-1.0643,-4.8062,-0.11176,-0.097024,0.23159
-0.14219,-1.0489,-4.8513,-0.1114,-0.097879,0.23134
-0.10417,-1.0628,-4.8434,-0.1118,-0.098833,0.23158
-0.039234,-1.0681,-4.8794,-0.11234,-0.10121,0.23149
-0.006851,-1.0743,-4.8913,-0.1129,-0.10305,0.23108
0.082133,-1.0934,-4.9743,-0.11348,-0.10549,0.23108
0.099491,-1.0264,-4.9677,-0.11148,-0.10634,0.23131
0.12207,-0.98109,-5.0081,-0.10923,-0.10617,0.23128
0.090128,-0.92241,-4.9877,-0.1074,-0.10505,0.2315
0.085098,-0.91242,-5.0502,-0.10785,-0.10443,0.23145
0.078946,-0.94486,-5.1061,-0.1085,-0.10364,0.23174
0.041139,-0.98102,-5.0503,-0.11091,-0.10347,0.23174
0.042951,-1.0584,-5.2121,-0.1124,-0.10311,0.23153
0.006276,-1.0759,-5.2042,-0.11331,-0.10238,0.2315
-0.044248,-1.0612,-5.1459,-0.1123,-0.10078,0.232
-0.057803,-1.0729,-5.2374,-0.11264,-0.1008,0.23163
-0.082417,-1.038,-5.2165,-0.11168,-0.099638,0.23181
-0.10754,-1.0165,-5.2267,-0.11061,-0.098778,0.23209
-0.080277,-0.98278,-5.2806,-0.11084,-0.09878,0.23189
-0.063112,-1.0271,-5.2652,-0.10987,-0.09936,0.23199
-0.029683,-1.068,-5.2261,-0.11058,-0.099713,0.23211
-0.040447,-1.0967,-5.2934,-0.11314,-0.10007,0.23187
-0.016885,-1.0822,-5.3235,-0.11428,-0.10086,0.23192
0.015918,-1.135,-5.3374,-0.1124,-0.10187,0.23157
0.026142,-1.1339,-5.3357,-0.11507,-0.10227,0.23155
0.045348,-1.1609,-5.2765,-0.11313,-0.10165,0.23188
0.054473,-1.1506,-5.322,-0.11311,-0.10186,0.23161
0.026589,-1.167,-5.3211,-0.11558,-0.10181,0.23174
0.00477,-1.1566,-5.3061,-0.1152,-0.10152,0.23179
0.026252,-1.1865,-5.2905,-0.11432,-0.10121,0.23154
-0.010944,-1.1429,-5.3056,-0.11516,-0.10125,0.23158
-0.010185,-1.1526,-5.3068,-0.11398,-0.10057,0.23155
-0.035514,-1.1171,-5.3232,-0.11421,-0.10005,0.23167
-0.026098,-1.1174,-5.317,-0.11384,-0.099542,0.23187
-0.044632,-1.1001,-5.2461,-0.11406,-0.099792,0.23174
-0.053317,-1.1341,-5.2556,-0.11361,-0.098828,0.2319
-0.071204,-1.1395,-5.2937,-0.11396,-0.09877,0.23178
-0.10441,-1.0944,-5.3025,-0.11337,-0.098245,0.23183
-0.089271,-1.1196,-5.2657,-0.11366,-0.097633,0.23222
-0.10673,-1.069,-5.2719,-0.11286,-0.097771,0.23174
-0.096575,-1.0772,-5.2574,-0.11262,-0.097766,0.23197
-0.10845,-1.0519,-5.2353,-0.11174,-0.097512,0.2321
-0.06528,-1.03,-5.2563,-0.11191,-0.098807,0.23178
-0.058969,-1.0492,-5.2811,-0.11095,-0.098709,0.23203
-0.043786,-1.0624,-5.2628,-0.11232,-0.099712,0.23175
-0.002675,-1.0527,-5.2937,-0.11238,-0.099968,0.2317
0.021386,-1.0661,-5.2797,-0.11025,-0.10005,0.23182
0.021794,-1.0833,-5.2307,-0.11046,-0.10073,0.23146
0.01842,-1.0864,-5.2759,-0.11363,-0.10049,0.2314
0.015378,-1.1441,-5.2145,-0.11225,-0.099967,0.23135
0.012346,-1.1554,-5.1751,-0.11413,-0.10016,0.2315
-0.005887,-1.2029,-5.2056,-0.11335,-0.099643,0.2312
-0.017876,-1.21,-5.2984,-0.11402,-0.099281,0.23109
-0.024019,-1.2057,-5.2381,-0.11384,-0.09861,0.23135
-0.002068,-1.2437,-5.2746,-0.1152,-0.098915,0.23099
-0.019149,-1.2348,-5.2361,-0.11647,-0.09924,0.23136
0.02175,-1.2701,-5.2732,-0.11601,-0.099936,0.231
-0.016281,-1.2559,-5.2737,-0.1171,-0.099366,0.23115
0.01521,-1.294,-5.2267,-0.11673,-0.099239,0.23095
-0.013845,-1.2641,-5.256,-0.11843,-0.099461,0.23078
0.005997,-1.2888,-5.2796,-0.11625,-0.099589,0.23063
-0.009806,-1.2951,-5.2338,-0.1166,-0.09867,0.23063
-0.057535,-1.2864,-5.2261,-0.11819,-0.098118,0.23078
-0.056986,-1.2902,-5.2576,-0.11822,-0.098298,0.23095
-0.058448,-1.2996,-5.2407,-0.11875,-0.098743,0.23079
-0.011526,-1.282,-5.331,-0.1197,-0.099015,0.23009
-0.036474,-1.3147,-5.2793,-0.11842,-0.098745,0.23067
-0.021122,-1.2961,-5.418,-0.11856,-0.098861,0.23036
-0.008388,-1.2883,-5.3102,-0.11804,-0.099411,0.23069
-0.007024,-1.2866,-5.3546,-0.1181,-0.099819,0.23022
-0.010312,-1.2933,-5.3247,-0.11838,-0.099756,0.23056
-0.005076,-1.3003,-5.208,-0.11821,-0.099676,0.23046
0.001015,-1.291,-5.3087,-0.11746,-0.10001,0.23039
-0.008207,-1.2504,-5.3094,-0.11689,-0.099782,0.2304
-0.024072,-1.2463,-5.3098,-0.11619,-0.099234,0.2303
-0.040421,-1.1968,-5.2809,-0.11511,-0.098491,0.23048
-0.065443,-1.1872,-5.2878,-0.11473,-0.098713,0.23033
-0.066061,-1.1321,-5.3264,-0.11404,-0.098636,0.23011
-0.069192,-1.1208,-5.288,-0.1135,-0.098246,0.23002
-0.038537,-1.1442,-5.2885,-0.1119,-0.098479,0.22998
-0.088262,-1.1508,-5.2582,-0.11406,-0.097926,0.2304
-0.088271,-1.1474,-5.2344,-0.11418,-0.097398,0.23012
-0.09495,-1.1406,-5.2566,-0.1142,-0.098004,0.23003
-0.10849,-1.1772,-5.2105,-0.11518,-0.097521,0.23019
-0.1101,-1.1835,-5.1724,-0.11509,-0.097155,0.23029
-0.11702,-1.1923,-5.211,-0.11532,-0.096922,0.2302
-0.12336,-1.219,-5.1483,-0.11599,-0.09707,0.23021
-0.12073,-1.2215,-5.1786,-0.11638,-0.097408,0.23016
-0.099117,-1.2416,-5.1544,-0.11617,-0.097461,0.22991
-0.083166,-1.2239,-5.1018,-0.11616,-0.097419,0.2303
-0.066924,-1.2265,-5.1087,-0.11603,-0.098529,0.23035
-0.043839,-1.1887,-5.1373,-0.11682,-0.099573,0.23003
-0.023831,-1.1808,-5.1529,-0.11361,-0.099766,0.22967
-0.011183,-1.183,-5.154,-0.11452,-0.099891,0.23007
-0.029785,-1.1432,-5.1003,-0.11381,-0.099673,0.2301
-0.045413,-1.1376,-5.1784,-0.11362,-0.099705,0.23022
-0.032859,-1.1023,-5.1619,-0.11339,-0.10011,0.23
-0.033858,-1.1123,-5.1929,-0.11326,-0.099879,0.22992
-0.023068,-1.0602,-5.1088,-0.11198,-0.099987,0.23007
-0.039332,-1.0506,-5.1779,-0.11243,-0.099983,0.22993
-0.033429,-1.0611,-5.1705,-0.11215,-0.099986,0.22997
-0.054148,-1.0551,-5.1258,-0.11136,-0.099531,0.2303
-0.012923,-0.99509,-5.2594,-0.1101,-0.099122,0.23027
-0.028105,-0.97639,-5.1904,-0.10949,-0.098984,0.23041
-0.024372,-0.96774,-5.2662,-0.10979,-0.099856,0.23019
-0.017934,-0.98186,-5.2823,-0.10954,-0.10013,0.2304
0.014403,-0.94992,-5.2911,-0.10933,-0.10017,0.23055
0.01558,-0.95213,-5.3217,-0.1086,-0.10087,0.23056
0.02126,-0.93401,-5.3139,-0.10792,-0.10139,0.2306
0.055449,-0.92774,-5.3065,-0.10748,-0.10189,0.23071
0.040083,-0.92272,-5.2903,-0.10834,-0.10196,0.23067
0.013206,-0.94757,-5.2981,-0.10804,-0.10151,0.2306
0.017212,-0.9647,-5.3918,-0.10886,-0.10088,0.23065
0.023673,-0.9902,-5.321,-0.10982,-0.10044,0.23041
-0.045452,-1.0216,-5.3845,-0.11064,-0.099292,0.2307
-0.080299,-0.97857,-5.4097,-0.11059,-0.098187,0.2309
-0.0911,-1.0267,-5.402,-0.1113,-0.097942,0.231
-0.073205,-1.0436,-5.4118,-0.1095,-0.097971,0.2313
-0.072658,-1.0376,-5.4176,-0.11243,-0.099007,0.23145
-0.062625,-1.0735,-5.3561,-0.11251,-0.09915,0.23169
-0.070836,-1.0537,-5.379,-0.11212,-0.099732,0.23171
-0.040478,-1.0591,-5.3247,-0.11192,-0.10021,0.2318
-0.054745,-1.0352,-5.3419,-0.11128,-0.099895,0.23206
-0.049202,-1.0158,-5.3321,-0.11118,-0.10122,0.2319
-0.000873,-1.0079,-5.2712,-0.11065,-0.10101,0.23196
-0.010168,-1.0027,-5.3561,-0.11084,-0.10141,0.232
-0.008836,-0.98746,-5.2946,-0.11026,-0.10186,0.2322
0.054534,-1.0417,-5.363,-0.11107,-0.10308,0.23218
0.035824,-1.0617,-5.3004,-0.11236,-0.10326,0.23234
0.053872,-1.0721,-5.3143,-0.11259,-0.10458,0.23231
0.078102,-1.0372,-5.3152,-0.11326,-0.10385,0.23233
0.049329,-1.0815,-5.2926,-0.11282,-0.10348,0.23245
0.0084,-1.0662,-5.3352,-0.11272,-0.10162,0.23295
-0.047904,-1.0484,-5.2883,-0.11265,-0.10101,0.23279
-0.024277,-1.0678,-5.4077,-0.11111,-0.10024,0.2331
-0.035795,-1.1227,-5.2599,-0.11217,-0.099476,0.23301
-0.048804,-1.1338,-5.2812,-0.11495,-0.10022,0.23308
-0.015905,-1.144,-5.361,-0.11519,-0.099608,0.23343
0.000436,-1.1425,-5.2503,-0.11531,-0.10074,0.23323
0.012277,-1.1054,-5.2092,-0.11401,-0.10218,0.23286
0.063581,-1.1166,-5.2623,-0.11528,-0.10308,0.23286
0.082906,-1.0869,-5.2168,-0.1142,-0.10336,0.23302
0.096654,-1.0734,-5.2552,-0.11349,-0.10381,0.2329
0.098828,-1.071,-5.2559,-0.11302,-0.10435,0.23318
0.12171,-1.0679,-5.1869,-0.11298,-0.10428,0.23336
0.11007,-1.0473,-5.1569,-0.11221,-0.10399,0.23346
0.086257,-1.0514,-5.1171,-0.11232,-0.1041,0.23332
0.061427,-1.0479,-5.2336,-0.1135,-0.10337,0.23328
0.03025,-1.0927,-5.1181,-0.11464,-0.10155,0.23324
-0.056255,-1.0764,-5.068,-0.11372,-0.099164,0.2337
-0.047128,-1.0341,-5.0846,-0.1135,-0.099315,0.23392
-0.073136,-1.0253,-5.0462,-0.11231,-0.099384,0.23398
-0.020717,-0.98448,-5.1161,-0.11024,-0.10017,0.23381
-0.018159,-0.93157,-5.0456,-0.1103,-0.10086,0.23379
0.040912,-0.91016,-5.0321,-0.10607,-0.10145,0.23385
0.012544,-0.86901,-5.0061,-0.10774,-0.1027,0.23376
0.011952,-0.86958,-4.9604,-0.10774,-0.1027,0.23399
0.026891,-0.8586,-5.0792,-0.10743,-0.10134,0.23409
-0.006836,-0.88731,-5.0014,-0.10753,-0.10116,0.23412
0.00775,-0.88077,-4.9877,-0.10666,-0.10025,0.23418
-0.027903,-0.86536,-4.9509,-0.10601,-0.099444,0.23447
-0.087863,-0.86319,-4.9741,-0.10751,-0.098963,0.23461
-0.097129,-0.85937,-4.9717,-0.10875,-0.099042,0.23416
-0.10306,-0.87354,-4.9809,-0.1094,-0.098252,0.23439
-0.13375,-0.91105,-4.8743,-0.10883,-0.097377,0.23473
-0.11127,-0.89779,-4.9426,-0.1105,-0.097857,0.23459
-0.10516,-0.93529,-4.857,-0.10984,-0.098222,0.23461
-0.11408,-0.91181,-4.9112,-0.10927,-0.098436,0.23455
-0.083339,-0.86017,-4.8868,-0.10844,-0.099604,0.2344
-0.042006,-0.86286,-4.9164,-0.10853,-0.10053,0.23423
-0.039119,-0.83226,-4.9328,-0.10715,-0.10101,0.23437
-0.008195,-0.85558,-4.8459,-0.10651,-0.10158,0.23406
0.027157,-0.81673,-4.8866,-0.10594,-0.10181,0.23442
0.001849,-0.78867,-4.854,-0.10541,-0.10221,0.2341
-0.002858,-0.76067,-4.8551,-0.10518,-0.10136,0.23408
-0.058807,-0.74338,-4.8816,-0.10364,-0.099918,0.2344
-0.059585,-0.74773,-4.8885,-0.10345,-0.10022,0.23425
-0.070591,-0.75554,-4.8674,-0.1039,-0.099471,0.23471
-0.11398,-0.74868,-4.8354,-0.10482,-0.09908,0.23454
-0.041612,-0.78456,-4.9435,-0.10339,-0.099617,0.23423
-0.055169,-0.83364,-4.9121,-0.10433,-0.099755,0.23438
-0.064801,-0.83513,-4.858,-0.10419,-0.099499,0.2344
-0.063799,-0.82024,-4.8956,-0.10638,-0.10003,0.23448
-0.09291,-0.83766,-4.8651,-0.10646,-0.099482,0.23454
2.382,-2.8732,-9.4245,-0.18295,-0.29446,0.23464
1.4173,-4.5126,-24.509,-0.15944,-0.18081,0.23778
2.094,-5.408,-33.986,-0.1944,-0.20939,0.24016
1.5194,-5.1354,-26.328,-0.25701,-0.14647,0.23153
1.9747,-5.4412,-30.181,-0.24145,-0.20139,0.23776
1.4612,-5.4243,-23.813,-0.31295,-0.12912,0.2236
1.6923,-4.9526,-19.807,-0.31854,-0.16162,0.22972
2.1823,-4.4316,-17.805,-0.28373,-0.24294,0.24512
2.6045,-3.9281,-15.045,-0.2682,-0.28012,0.24635
2.6395,-3.3146,-13.145,-0.21759,-0.27298,0.24654
2.6931,-2.8572,-11.754,-0.19845,-0.27865,0.24911
2.3643,-2.1878,-9.6532,-0.15825,-0.23827,0.24539
2.2546,-1.7834,-10.336,-0.13781,-0.25524,0.24572
1.6974,-1.1892,-9.6472,-0.10472,-0.22239,0.24312
1.3394,-0.98991,-8.7979,-0.098743,-0.2062,0.24346
0.88401,-0.88767,-8.6303,-0.092834,-0.17548,0.24536
1.1342,-1.2278,-10.456,-0.10131,-0.20948,0.25065
1.4631,-1.7601,-13.214,-0.12426,-0.2282,0.2509
1.4595,-1.9887,-14.235,-0.12113,-0.1812,0.24331
1.631,-1.8886,-13.881,-0.12534,-0.20438,0.2453
1.5985,-1.5059,-12.929,-0.092073,-0.21886,0.24829
1.5577,-1.2464,-13.169,-0.065315,-0.20533,0.24658
1.4744,-1.2506,-13.669,-0.070101,-0.18605,0.24426
1.4039,-1.1775,-13.354,-0.067927,-0.18281,0.24415
1.3532,-1.1323,-13.851,-0.054004,-0.18391,0.24487
1.3329,-1.1206,-15.026,-0.038177,-0.17826,0.24389
1.273,-1.1739,-16.529,-0.028627,-0.16706,0.24245
1.2132,-1.2874,-17.36,-0.032696,-0.15238,0.24073
1.1926,-1.3479,-17.867,-0.036622,-0.14768,0.24042
1.2697,-1.28,-17.974,-0.027036,-0.15885,0.24208
1.3096,-1.1036,-17.851,-0.011374,-0.16999,0.24364
1.229,-0.87833,-16.882,-0.002659,-0.16347,0.24295
1.1496,-0.56281,-15.628,0.008852,-0.15607,0.24233
1.1216,-0.3499,-15.14,0.024793,-0.15894,0.24354
1.1785,-0.21538,-15.512,0.043265,-0.16547,0.24491
1.2773,-0.26196,-16.61,0.049552,-0.16609,0.24486
1.2096,-0.41543,-17.213,0.039735,-0.15836,0.24329
1.1862,-0.59144,-17.464,0.02821,-0.15601,0.24272
1.2256,-0.68881,-17.698,0.022772,-0.16114,0.24328
1.2368,-0.80009,-17.904,0.018763,-0.16225,0.24316
1.1777,-0.86408,-17.647,0.011098,-0.15276,0.2412
1.0038,-0.94806,-16.908,-0.005108,-0.14243,0.24009
0.91292,-0.98668,-16.424,-0.013139,-0.13686,0.2391
0.75691,-1.0432,-16.373,-0.016525,-0.12933,0.23834
0.63812,-1.1476,-16.708,-0.023702,-0.11679,0.23608
0.44243,-1.3232,-17.047,-0.034438,-0.09956,0.23409
0.26917,-1.4668,-17.393,-0.042571,-0.084902,0.23211
0.1705,-1.5601,-17.739,-0.04434,-0.076194,0.2312
0.025604,-1.6039,-17.923,-0.044278,-0.066135,0.22979
-0.11147,-1.5202,-17.6,-0.043491,-0.052029,0.22848
-0.33069,-1.4178,-16.798,-0.045143,-0.039668,0.227
-0.44398,-1.2781,-15.843,-0.041342,-0.034666,0.22709
-0.58398,-1.0729,-15.163,-0.030897,-0.026698,0.22648
-0.58966,-0.95865,-14.602,-0.030699,-0.031865,0.22745
-0.65152,-0.89614,-14.371,-0.021693,-0.024082,0.22669
-0.61702,-0.8617,-14.062,-0.024027,-0.033221,0.22803
-0.66582,-0.87312,-14.493,-0.016984,-0.01521,0.22484
-0.67076,-0.88961,-14.385,-0.022906,-0.026024,0.22701
-0.55272,-0.90548,-14.063,-0.030296,-0.047817,0.22935
-0.54507,-1.0116,-13.591,-0.042298,-0.043795,0.22801
-0.46849,-0.97158,-14.114,-0.027954,-0.038785,0.2274
-0.52331,-1.0635,-13.66,-0.04136,-0.031686,0.22618
-0.46398,-1.0161,-13.532,-0.043517,-0.039902,0.22759
-0.34405,-1.0405,-12.929,-0.044943,-0.054133,0.2286
-0.43445,-1.1235,-13.472,-0.043463,-0.035434,0.22694
-0.45676,-1.0761,-12.455,-0.048507,-0.041375,0.22758
-0.39749,-1.2226,-12.887,-0.059291,-0.046596,0.22763
-0.4009,-1.3445,-13.796,-0.055642,-0.036146,0.22625
-0.38995,-1.4161,-12.426,-0.070839,-0.044884,0.22779
-0.45368,-1.5997,-12.579,-0.088486,-0.039524,0.2261
-0.40524,-1.7117,-11.411,-0.10774,-0.052372,0.22737
-0.34037,-1.7957,-11.513,-0.11699,-0.060424,0.22728
-0.30149,-1.8484,-10.585,-0.12952,-0.064515,0.22681
-0.28159,-2.0656,-11.07,-0.14364,-0.059102,0.22587
-0.20341,-2.1841,-10.517,-0.15491,-0.076153,0.22801
-0.19134,-2.086,-8.9625,-0.1482,-0.086142,0.2299
-0.17714,-2.1292,-8.9821,-0.15124,-0.086329,0.22936
-0.10663,-2.3919,-9.955,-0.16875,-0.082436,0.22886
-0.10151,-2.4649,-11.132,-0.17558,-0.07675,0.22696
-0.1679,-2.0047,-7.4364,-0.1479,-0.094669,0.23137
-0.20424,-1.8766,-6.5232,-0.14508,-0.090156,0.23255
0.099513,-1.9614,-8.9662,-0.15094,-0.10313,0.22946
0.12856,-1.9498,-9.6399,-0.14834,-0.10096,0.2299
0.1479,-1.8259,-8.5071,-0.14556,-0.10745,0.23173
0.21904,-1.6454,-7.8215,-0.13441,-0.1091,0.23205
0.27507,-1.502,-8.0488,-0.12653,-0.11305,0.23255
0.4648,-1.9445,-11.098,-0.15378,-0.11343,0.23316
0.58862,-2.2213,-11.558,-0.16708,-0.1162,0.23382
0.65276,-2.0692,-11.089,-0.15416,-0.1186,0.23395
1.2655,-2.5655,-15.225,-0.16425,-0.16375,0.23695
1.3689,-2.7538,-14.619,-0.18612,-0.17495,0.23879
1.6536,-2.4973,-16.053,-0.15383,-0.1835,0.23809
2.0294,-2.5215,-17.003,-0.13128,-0.20429,0.23723
2.021,-2.9829,-16.774,-0.17648,-0.20171,0.23945
2.2223,-3.3232,-18.286,-0.19631,-0.23572,0.24746
2.485,-3.1514,-17.395,-0.18689,-0.25236,0.24718
2.6214,-3.0386,-17.826,-0.16186,-0.25686,0.24612
2.4558,-3.2068,-18.192,-0.18139,-0.24808,0.24662
2.4281,-2.7913,-18.715,-0.15393,-0.24891,0.24593
2.2648,-2.8384,-16.257,-0.16697,-0.2373,0.24536
2.2254,-2.9308,-17.074,-0.16072,-0.24045,0.24828
2.3059,-2.8187,-16.829,-0.16671,-0.24844,0.24784
2.0822,-2.6449,-15.041,-0.15933,-0.22313,0.24733
1.9714,-2.5741,-15.298,-0.14722,-0.22001,0.24746
1.9464,-1.7772,-13.778,-0.10512,-0.22314,0.2451
1.9079,-2.0202,-16.08,-0.28214,-0.26834,0.22799
1.9753,-1.9214,-16.02,-0.21284,-0.25592,0.23247
2.357,-2.1498,-16.954,-0.18316,-0.27768,0.23551
2.1104,-2.5504,-16.696,-0.27545,-0.26358,0.2286
2.3561,-2.4891,-18.48,-0.29187,-0.28912,0.2267
2.452,-2.5554,-18.408,-0.27958,-0.28971,0.2309
2.5054,-2.0379,-15.998,-0.24269,-0.28821,0.22479
2.4744,-2.2507,-16.662,-0.29778,-0.31291,0.2198
2.5951,-1.8813,-18.579,-0.32864,-0.33353,0.21427
2.6191,-2.8149,-17.37,-0.38483,-0.32426,0.21793
2.4571,-2.5205,-17.23,-0.36137,-0.32236,0.2104
2.5304,-2.1217,-16.133,-0.31361,-0.31515,0.21355
2.4416,-2.0036,-17.059,-0.32668,-0.32527,0.21277
2.2084,-1.6195,-16.674,-0.29691,-0.28765,0.21507
2.3196,-1.7485,-16.37,-0.32116,-0.31968,0.21085
2.5,-1.8274,-16.55,-0.30402,-0.3237,0.2123
2.4595,-1.5042,-16.078,-0.26162,-0.32584,0.21199
2.4919,-2.0082,-14.368,-0.28429,-0.29702,0.21643
2.6786,-1.5154,-15.066,-0.2512,-0.3295,0.21293
2.5571,-1.7145,-15.71,-0.27986,-0.32369,0.21294
2.5865,-1.8642,-15.262,-0.29214,-0.32177,0.21044
2.6332,-1.0584,-16.39,-0.23428,-0.3421,0.20915
2.4253,-1.1336,-13.756,-0.18967,-0.29149,0.21119
2.5626,-0.61835,-15.277,-0.18927,-0.34571,0.20586
3.0091,-0.51426,-16.276,-0.19847,-0.33902,0.21543
2.8743,-1.0872,-15.893,-0.2152,-0.33939,0.21168
3.1638,-0.96686,-13.794,-0.18891,-0.36043,0.21779
2.9217,-0.85804,-13.464,-0.17724,-0.34033,0.2221
2.79,-1.173,-15.926,-0.24993,-0.31754,0.21201
2.6392,-1.1996,-16.218,-0.24062,-0.32343,0.20799
2.7919,-0.67458,-17.027,-0.20447,-0.35067,0.20519
2.7569,-0.74496,-17.724,-0.22349,-0.36351,0.20299
2.5917,-1.0083,-16.075,-0.2345,-0.32847,0.20804
2.4739,-0.78338,-15.782,-0.20346,-0.31998,0.20846
2.3551,-0.62669,-14.233,-0.17358,-0.29904,0.20991
2.2136,-0.57249,-12.304,-0.15664,-0.26558,0.21358
2.6787,-0.77377,-17.679,-0.24809,-0.36325,0.20441
2.5289,-0.89794,-15.02,-0.20144,-0.30844,0.21045
2.3723,-0.89573,-14.314,-0.19365,-0.29581,0.21233
2.4662,-0.88204,-15.319,-0.20874,-0.32319,0.2089
2.2789,-0.9324,-14.575,-0.19985,-0.30395,0.20888
1.8457,-0.77164,-13.51,-0.19266,-0.27081,0.21278
2.0941,-0.93859,-14.007,-0.20606,-0.28504,0.21216
2.0812,-0.89219,-15.386,-0.22984,-0.30574,0.21016
1.6669,-0.91199,-12.572,-0.18303,-0.23866,0.2173
1.8472,-0.80794,-14.22,-0.19932,-0.26264,0.21408
1.6487,-0.50552,-12.896,-0.15322,-0.24408,0.21425
1.7105,-0.62207,-13.905,-0.18065,-0.2533,0.21624
1.6449,-0.80175,-11.949,-0.16051,-0.23591,0.21721
1.6255,-0.5638,-13.86,-0.17995,-0.25323,0.21667
1.5969,-0.64184,-12.605,-0.16036,-0.24507,0.21682
1.4403,-0.72906,-12.686,-0.17065,-0.22497,0.2195
1.4053,-0.63728,-13.555,-0.16969,-0.2277,0.21787
1.5476,-0.61593,-14.173,-0.1726,-0.25138,0.21602
1.3558,-0.52379,-12.699,-0.15093,-0.22866,0.21943
1.4035,-0.44191,-12.374,-0.13506,-0.22713,0.21921
1.3631,-0.86509,-13.296,-0.19495,-0.23611,0.21906
1.1274,-0.51916,-11.666,-0.13944,-0.20252,0.22102
0.99776,-0.47243,-12.678,-0.15883,-0.20489,0.22064
1.073,-0.37734,-12.467,-0.13775,-0.20826,0.22065
0.96602,-0.22372,-12.265,-0.12904,-0.20114,0.2215
0.69158,-0.26,-11.673,-0.12643,-0.17919,0.22289
0.84379,-0.23662,-12.36,-0.129,-0.19367,0.22212
0.51267,-0.13204,-11.175,-0.11427,-0.1583,0.22543
0.49386,-0.09555,-10.588,-0.10253,-0.15375,0.22541
0.63024,0.019295,-11.529,-0.10156,-0.17131,0.22445
0.53972,-0.024062,-12.031,-0.11471,-0.16375,0.2253
0.54498,0.13236,-12.284,-0.10205,-0.16438,0.2248
0.55845,-0.019895,-13.283,-0.12674,-0.16859,0.22449
0.5448,0.12884,-12.027,-0.095356,-0.16224,0.22525
0.46793,-0.011061,-12.161,-0.11465,-0.15745,0.22496
0.66146,0.18821,-12.587,-0.094208,-0.17201,0.22393
0.61401,0.054894,-12.876,-0.11671,-0.17417,0.22378
0.65191,0.010558,-11.903,-0.10522,-0.15774,0.22514
0.74479,0.080194,-11.445,-0.095632,-0.17154,0.22381
0.77636,0.12271,-11.685,-0.091162,-0.1736,0.22364
0.82068,0.055685,-11.929,-0.10385,-0.18463,0.22314
0.74727,-0.050646,-12.577,-0.12008,-0.17533,0.22336
0.72731,0.18698,-12.974,-0.10182,-0.17401,0.22288
0.6904,0.019129,-11.072,-0.10216,-0.16239,0.22599
0.78515,0.45142,-12.379,-0.070615,-0.18148,0.22401
0.71653,0.047311,-10.769,-0.09391,-0.16181,0.22493
0.6397,-0.023191,-11.759,-0.11152,-0.16421,0.22474
0.61108,0.11245,-12.481,-0.10606,-0.16847,0.22308
0.8716,0.40714,-11.654,-0.073958,-0.18612,0.2228
0.73986,0.22447,-12.687,-0.099805,-0.18314,0.22356
0.70065,0.12106,-11.257,-0.093192,-0.1722,0.22336
0.80301,0.20427,-12.877,-0.10214,-0.19719,0.22079
0.76118,0.077099,-11.816,-0.10379,-0.17744,0.22401
0.70922,-0.005678,-10.218,-0.091464,-0.1685,0.22468
0.76528,0.25666,-12.639,-0.093639,-0.17973,0.22331
0.7901,0.12379,-10.385,-0.082211,-0.1699,0.22484
0.76144,0.19997,-11.132,-0.088743,-0.17856,0.22432
0.7854,0.061971,-9.7261,-0.086693,-0.16075,0.22499
0.78325,0.21992,-11.439,-0.082377,-0.18077,0.22321
0.70585,-0.013062,-10.03,-0.092014,-0.15671,0.22481
0.81171,0.22905,-11.042,-0.078833,-0.18018,0.22242
0.75864,0.16028,-10.255,-0.086174,-0.1655,0.22458
0.81802,0.35963,-11.303,-0.075582,-0.17812,0.22239
0.8578,0.29402,-11.313,-0.079475,-0.1809,0.22228
0.8856,0.45764,-12.337,-0.08185,-0.20052,0.21976
0.97351,0.57227,-11.075,-0.056134,-0.18866,0.22211
0.94796,0.46035,-13.009,-0.082605,-0.19895,0.22036
0.83855,0.3274,-11.241,-0.074057,-0.17686,0.22181
0.94052,0.46924,-11.593,-0.065322,-0.19008,0.22103
0.92172,0.60393,-11.977,-0.057895,-0.19877,0.21956
0.87974,0.54026,-11.442,-0.064224,-0.18507,0.2206
0.99056,0.58221,-11.067,-0.054138,-0.19573,0.2197
0.94914,0.45901,-10.829,-0.059996,-0.18827,0.22106
1.0431,0.70264,-11.616,-0.045627,-0.20445,0.21837
0.97605,0.57847,-11.436,-0.063793,-0.18663,0.2211
1.0382,0.63563,-12.22,-0.057364,-0.20233,0.21883
1.0586,0.6026,-11.594,-0.049298,-0.20592,0.21766
1.0372,0.51925,-10.07,-0.053569,-0.19277,0.22007
0.98623,0.66706,-10.893,-0.045426,-0.19477,0.21961
1.0825,0.58232,-11.18,-0.059166,-0.20077,0.21863
1.0355,0.64673,-11.099,-0.048851,-0.20101,0.2187
1.1174,0.73761,-11.81,-0.04851,-0.20826,0.21763
1.1223,0.7106,-11.85,-0.056865,-0.21073,0.21765
1.0758,0.59204,-10.938,-0.052458,-0.19541,0.22013
1.0972,0.63454,-11.175,-0.052127,-0.2058,0.21799
1.1056,0.59833,-11.037,-0.051976,-0.20642,0.21857
1.123,0.50367,-10.215,-0.051428,-0.19734,0.22028
1.1092,0.60746,-11.128,-0.051547,-0.20266,0.21887
1.1085,0.55178,-10.276,-0.046547,-0.19693,0.21933
1.1266,0.56988,-10.704,-0.055911,-0.20858,0.21793
1.2163,0.66134,-11.735,-0.050556,-0.22175,0.2164
1.194,0.5893,-11.001,-0.046032,-0.21114,0.2179
1.1855,0.6427,-11.303,-0.050304,-0.21018,0.21783
1.2265,0.67436,-11.457,-0.044376,-0.22294,0.21647
1.2483,0.72695,-11.264,-0.039323,-0.21505,0.21775
1.1402,0.61176,-10.823,-0.047663,-0.20567,0.21865
1.1962,0.72684,-11.423,-0.04106,-0.21556,0.21715
1.18,0.80868,-11.351,-0.033804,-0.21403,0.21714
1.2105,0.85409,-11.568,-0.03631,-0.21906,0.21671
1.1945,0.87999,-11.199,-0.02701,-0.21043,0.21804
1.1788,1.0188,-11.875,-0.026397,-0.21113,0.21832
1.2055,0.91625,-11.862,-0.036741,-0.20914,0.21738
1.2811,1.1281,-12.684,-0.022913,-0.23316,0.21416
1.3648,1.2373,-13.705,-0.022297,-0.23905,0.21449
1.1668,0.92322,-13.001,-0.039998,-0.21896,0.21623
1.234,0.83469,-11.991,-0.033538,-0.2126,0.21746
1.1372,0.88869,-12.38,-0.044325,-0.21194,0.21678
1.12,1.0291,-12.649,-0.030559,-0.20815,0.21727
1.105,0.85923,-12.391,-0.0426,-0.20565,0.2177
1.133,1.0712,-12.689,-0.025018,-0.21572,0.21711
1.0511,0.76273,-11.566,-0.044248,-0.19748,0.21912
0.92231,0.96882,-12.412,-0.028319,-0.19839,0.21746
1.0615,0.80532,-11.683,-0.032757,-0.20012,0.21861
1.0329,1.0246,-12.598,-0.023656,-0.21327,0.217
0.99471,0.8588,-11.474,-0.032529,-0.20235,0.21964
0.82121,0.63713,-10.473,-0.0446,-0.1754,0.22184
0.73443,0.94763,-12.327,-0.02987,-0.18722,0.21889
0.80385,0.71469,-10.248,-0.039149,-0.17746,0.22207
0.73436,0.71848,-10.816,-0.042257,-0.17222,0.22316
0.63802,0.83307,-10.995,-0.030893,-0.16653,0.22227
0.73062,0.83,-10.171,-0.026776,-0.17556,0.22223
0.57636,0.71623,-9.6976,-0.035475,-0.15418,0.22543
0.5927,0.7487,-10.309,-0.035336,-0.16223,0.22311
0.63438,0.6412,-9.9749,-0.036383,-0.15991,0.22458
0.5177,0.60773,-9.637,-0.041407,-0.15405,0.22471
0.60065,0.69487,-10.147,-0.03489,-0.16099,0.22293
0.58881,0.66765,-9.2923,-0.034512,-0.15494,0.22522
0.58369,0.76125,-9.7421,-0.034487,-0.15607,0.22528
0.56446,0.68104,-9.6582,-0.037125,-0.15164,0.22478
0.65052,0.74942,-10.071,-0.036866,-0.16353,0.22442
0.62879,0.58336,-8.9018,-0.034138,-0.15789,0.22552
0.50015,0.38074,-5.372,-0.040205,-0.13375,0.22875
0.55827,0.93368,-5.0865,0.049259,-0.1661,0.21946
0.39067,0.77811,-5.1289,0.013643,-0.13936,0.22525
0.42564,0.69339,-5.063,-0.000221,-0.13542,0.22679
0.47466,0.86893,-5.1173,0.025493,-0.14133,0.22518
0.46931,0.7891,-5.1093,0.008443,-0.1352,0.22539
0.39436,0.79715,-5.4649,0.004803,-0.13199,0.22453
0.44354,1.0954,-5.2107,0.03427,-0.13978,0.22351
0.41904,1.1674,-5.0043,0.03583,-0.13445,0.22458
0.4176,1.3594,-4.9309,0.0527,-0.13656,0.22411
0.39122,1.5091,-4.8413,0.064995,-0.13191,0.22412
0.35361,1.5725,-4.5033,0.071732,-0.13019,0.22379
0.33051,1.4791,-4.4769,0.064514,-0.13016,0.22398
0.316,1.2941,-4.3467,0.052329,-0.12651,0.22504
0.38525,0.99286,-4.4707,0.034528,-0.13631,0.22415
0.29415,0.90845,-4.3423,0.030092,-0.12701,0.22514
0.27098,0.67798,-4.4052,0.017454,-0.12803,0.22546
0.28715,0.51785,-4.4046,0.004742,-0.12578,0.22627
0.28213,0.24758,-4.2314,-0.022344,-0.12296,0.22837
0.065347,-0.13774,-4.6943,-0.082096,-0.098813,0.23235
0.19917,-0.4597,-4.7591,-0.094078,-0.1095,0.23167
0.10328,-0.67325,-4.752,-0.10191,-0.10632,0.23225
-0.003133,-0.79987,-4.7048,-0.10548,-0.10299,0.23189
-0.090838,-0.87248,-4.7069,-0.10733,-0.10043,0.23217
-0.13268,-0.88433,-4.7689,-0.1079,-0.099108,0.23191
-0.12677,-0.84,-4.7779,-0.1079,-0.098926,0.2321
-0.11058,-0.80102,-4.8013,-0.1051,-0.099665,0.23194
-0.09488,-0.73996,-4.8106,-0.1036,-0.10033,0.23228
-0.028665,-0.67249,-4.8412,-0.10166,-0.10155,0.23204
-0.020293,-0.64271,-4.8944,-0.10118,-0.10244,0.2319
-0.007364,-0.62592,-4.8945,-0.10044,-0.10253,0.23183
-0.005433,-0.62024,-4.8871,-0.10002,-0.1025,0.23184
-0.077521,-0.58753,-4.8952,-0.098941,-0.1019,0.23174
-0.076132,-0.58207,-4.9489,-0.099046,-0.10182,0.23154
-0.023375,-0.58929,-4.8571,-0.098713,-0.10214,0.23187
-0.02093,-0.64559,-4.9246,-0.10009,-0.10326,0.23181
0.017987,-0.7443,-4.9788,-0.10226,-0.10302,0.23196
-0.035846,-0.82122,-4.9259,-0.1054,-0.10074,0.23225
-0.11043,-0.89683,-4.9157,-0.10793,-0.10013,0.23198
-0.099849,-0.98039,-4.9775,-0.11073,-0.099306,0.23202
0.47026,3.7044,-21.306,0.47425,-0.24855,0.18888
-0.016837,-0.68034,-5.3256,-0.10673,-0.10547,0.23049
-0.031248,0.061021,-4.8691,-0.070444,-0.098689,0.23192
0.24447,-0.039055,-6.2538,-0.064721,-0.1176,0.23092
0.30793,1.0965,-8.5756,0.05197,-0.14124,0.22047
0.12088,0.093698,-5.6242,-0.067197,-0.10973,0.22882
0.34385,0.63196,-7.3105,0.020016,-0.13688,0.22368
0.38136,0.3387,-7.6766,-0.004249,-0.14611,0.22585
0.31216,0.82499,-7.8664,0.024986,-0.13895,0.22268
0.20244,0.68214,-7.2093,-0.003015,-0.12181,0.22408
0.31049,0.69514,-8.3076,0.005975,-0.14302,0.2198
0.41659,1.4756,-8.9634,0.080344,-0.1556,0.21859
0.44036,0.91876,-6.491,0.007903,-0.14044,0.22674
0.45201,1.1085,-8.6887,0.040895,-0.15513,0.22073
0.56209,1.6658,-8.8236,0.084436,-0.16436,0.2182
0.45729,1.4546,-8.6753,0.065626,-0.15276,0.21924
0.3861,1.0223,-8.2627,0.015121,-0.14418,0.22103
0.33055,1.4778,-8.5629,0.0623,-0.14023,0.22122
0.20955,0.908,-8.366,0.018017,-0.13745,0.22181
0.38624,1.3918,-9.2943,0.071,-0.15245,0.22014
0.29355,1.8294,-10.7,0.11263,-0.15733,0.21632
0.19492,1.0871,-9.0383,0.032364,-0.14466,0.22119
0.082572,1.4261,-9.7129,0.063998,-0.13147,0.22111
0.058509,1.5914,-9.1585,0.060673,-0.12129,0.22365
-0.093123,1.586,-9.2635,0.058812,-0.10979,0.2238
-0.032179,1.1275,-8.5242,0.012029,-0.11891,0.22404
0.069432,1.3305,-9.1138,0.033026,-0.12565,0.22498
-0.085053,1.7063,-10.618,0.077132,-0.12274,0.22197
-0.025164,1.4624,-9.1758,0.036893,-0.12754,0.22307
-0.10033,1.4347,-9.1423,0.03779,-0.11811,0.22373
0.064964,1.6582,-10.451,0.073606,-0.13186,0.22203
0.068975,1.2084,-9.011,0.026859,-0.12807,0.22407
0.079006,1.4785,-10.005,0.059565,-0.131,0.22263
-0.005551,1.3784,-9.9679,0.054165,-0.11871,0.22239
0.008399,1.2307,-10.415,0.039156,-0.12034,0.22388
-0.016054,1.5891,-11.048,0.07579,-0.12932,0.2209
-0.112,1.5025,-10.624,0.064005,-0.11269,0.22243
0.10541,1.3684,-11.342,0.05553,-0.13718,0.2212
0.097758,1.0789,-10.603,0.025296,-0.12719,0.22398
0.21655,0.79928,-9.8183,-0.005195,-0.13131,0.22479
0.048926,1.1556,-9.9838,0.020112,-0.1192,0.22481
0.25939,1.2186,-11.296,0.031025,-0.14077,0.22339
-0.061707,1.3048,-10.323,0.029498,-0.10924,0.22423
0.15263,1.3261,-11.307,0.039542,-0.12819,0.22348
0.016371,1.2697,-10.354,0.020757,-0.11992,0.22432
-0.050989,1.1566,-10.543,0.015266,-0.11441,0.22405
-0.30091,1.5074,-11.474,0.047155,-0.096171,0.22268
0.053268,1.1846,-10.666,0.010336,-0.12317,0.22472
-0.003121,1.3674,-11.035,0.029917,-0.12287,0.22319
0.094621,1.1235,-10.81,0.020835,-0.13232,0.22332
0.24493,1.3108,-11.776,0.033669,-0.14572,0.22189
0.39869,1.2154,-12.818,0.028763,-0.16664,0.2186
0.53182,1.3144,-11.513,0.035898,-0.16538,0.22124
0.72023,1.3009,-11.789,0.034707,-0.18214,0.21888
0.7005,0.90852,-10.525,-0.008238,-0.17339,0.22242
0.44468,1.1461,-11.417,0.014992,-0.14967,0.21861
0.71212,0.86581,-10.648,-0.00516,-0.17325,0.21973
0.83481,0.67725,-9.8744,-0.023468,-0.17622,0.22151
0.85219,0.97605,-10.598,0.005103,-0.17901,0.21882
0.98282,0.71128,-10.494,-0.015281,-0.18634,0.21864
1.0346,0.78178,-10.777,-0.009052,-0.1919,0.21615
1.2847,0.67616,-10.7,-0.018771,-0.20744,0.21777
1.2521,0.75184,-11.01,-0.017175,-0.20732,0.21528
1.2124,1.0156,-11.319,0.005821,-0.19851,0.21528
1.3746,0.77228,-10.965,-0.01731,-0.21373,0.21529
1.4289,0.86351,-11.173,-0.013858,-0.22761,0.21433
1.4556,0.91487,-11.421,-0.005586,-0.22786,0.21328
1.3862,0.78778,-11.071,-0.016037,-0.21791,0.21375
1.0831,0.027611,-5.8216,-0.076327,-0.13995,0.22973
0.75748,-0.089688,-5.2955,-0.081939,-0.12283,0.23069
0.91371,-0.32014,-8.1591,-0.072142,-0.13502,0.23862
1.1914,0.45753,-11.737,0.093501,-0.19109,0.24399
0.72734,0.72151,-7.3144,-0.008397,-0.14906,0.24122
0.44158,0.21701,-5.6599,-0.071061,-0.11041,0.22984
0.2372,-0.23377,-5.4211,-0.085844,-0.10774,0.23024
0.20014,-0.87557,-5.4563,-0.10699,-0.10583,0.23001
0.87488,-1.564,-7.4417,-0.13541,-0.13753,0.2334
0.50047,-0.45559,-5.0177,-0.094526,-0.11471,0.22706
0.47767,-0.51889,-5.2656,-0.094881,-0.1141,0.231
0.43953,-0.72592,-5.5051,-0.10122,-0.11343,0.23153
0.36187,-0.92639,-5.0354,-0.10583,-0.11007,0.22842
1.1172,-0.38097,-7.2017,-0.10367,-0.11441,0.23721
2.2406,-0.31453,-12.499,-0.13,-0.084592,0.25117
0.31947,-0.56368,-6.6855,-0.12189,-0.077188,0.21462
0.61588,1.3714,-12.98,-0.108,0.042986,0.28904
1.0931,-0.59402,-12.78,-0.17936,0.003966,0.23513
0.083302,-1.5875,-11.195,-0.20119,0.013274,0.22385
-0.6902,-1.7515,-5.5261,-0.14068,-0.065856,0.23089
-0.47735,-1.5294,-4.8841,-0.12383,-0.085357,0.2287
-0.37846,-1.4135,-5.0089,-0.12275,-0.087863,0.23118
-0.11375,-1.2255,-4.7969,-0.11571,-0.096566,0.22747
0.029953,-1.0911,-4.8936,-0.11175,-0.10259,0.22929
0.24107,-1.0168,-4.8864,-0.10933,-0.10853,0.23043
0.30215,-1.0776,-4.8832,-0.11221,-0.10991,0.23027
0.23465,-1.1692,-4.8653,-0.11413,-0.10838,0.22966
0.23103,-1.2559,-5.003,-0.11786,-0.10763,0.22944
0.22093,-1.3255,-5.0553,-0.11943,-0.10789,0.22926
0.15541,-1.327,-4.9755,-0.1191,-0.10472,0.2299
0.13929,-1.2979,-4.9573,-0.11795,-0.10527,0.2292
0.16413,-1.1768,-5.0543,-0.11528,-0.10539,0.22975
0.23325,-1.1381,-5.092,-0.11321,-0.10748,0.22964
0.29271,-1.1332,-5.1586,-0.11337,-0.10944,0.22925
0.2852,-1.1786,-5.0434,-0.11405,-0.10994,0.2299
0.28516,-1.193,-5.1151,-0.11485,-0.10955,0.23035
0.33099,-1.2098,-5.2269,-0.11557,-0.11128,0.22965
0.28522,-1.1758,-5.2265,-0.11492,-0.111,0.22944
0.26494,-1.1721,-5.2664,-0.11431,-0.10904,0.2291
0.17247,-1.1088,-5.1484,-0.11351,-0.10673,0.23007
0.13855,-1.071,-5.1993,-0.11149,-0.10467,0.23036
0.069379,-1.0233,-5.3148,-0.10992,-0.1035,0.22965
0.024812,-0.98584,-5.3244,-0.10888,-0.1022,0.22968
0.004258,-0.98749,-5.2128,-0.10711,-0.10014,0.23017
-0.069953,-0.95242,-5.2622,-0.1064,-0.098957,0.23059
-0.099237,-0.94848,-5.2478,-0.10638,-0.097556,0.23051
-0.2085,-0.95239,-5.262,-0.10779,-0.096215,0.23019
-0.25464,-0.99198,-5.2498,-0.10666,-0.093594,0.23027
-0.37599,-0.96041,-5.2398,-0.1089,-0.090518,0.23128
-0.43257,-0.99122,-5.2171,-0.10941,-0.088594,0.23109
-0.48942,-1.0131,-5.2487,-0.11044,-0.086582,0.23089
-0.55996,-1.0323,-5.1341,-0.11055,-0.085336,0.2312
-0.53062,-1.0387,-5.1657,-0.11232,-0.085661,0.23159
-0.51595,-1.1227,-5.1419,-0.11362,-0.085829,0.23172
0.37001,-1.3709,-6.3077,-0.13003,-0.15894,0.2341
0.27196,-0.085764,-9.3795,-0.083546,-0.13477,0.22283
0.70352,0.42863,-14.7,-0.057039,-0.20616,0.21928
0.7812,0.31394,-12.991,-0.06965,-0.19285,0.21674
0.91319,-0.42472,-10.425,-0.10117,-0.19599,0.2171
0.86796,-0.31196,-9.9997,-0.096625,-0.19403,0.21655
0.8274,-0.7199,-8.2796,-0.1032,-0.18341,0.22196
0.88898,-0.56086,-9.7236,-0.10338,-0.18706,0.21845
0.79771,-0.23174,-11.26,-0.09577,-0.20468,0.21632
0.86506,-0.27966,-10.655,-0.096218,-0.1836,0.21825
0.82815,-0.21987,-11.635,-0.098315,-0.18481,0.21906
0.90763,-0.25532,-10.907,-0.10189,-0.18896,0.21915
0.98295,-0.2086,-9.8749,-0.07309,-0.1968,0.21818
0.93272,0.032726,-10.127,-0.063636,-0.18885,0.21753
1.0381,0.043534,-10.293,-0.064133,-0.20184,0.21573
1.1862,0.12111,-11.223,-0.070402,-0.20741,0.21535
1.4829,0.23601,-11.808,-0.051975,-0.24129,0.21098
1.7281,0.12799,-11.531,-0.062581,-0.25763,0.20929
1.9876,0.002787,-11.142,-0.071352,-0.28003,0.20649
2.1236,-0.1003,-10.098,-0.071388,-0.27837,0.20685
2.1369,-0.056332,-9.3005,-0.059975,-0.26671,0.2087
2.2407,0.039444,-9.3404,-0.053684,-0.28297,0.20673
2.1822,0.18098,-9.9476,-0.039087,-0.28583,0.20617
2.1294,0.1432,-9.6282,-0.043408,-0.27588,0.20766
2.0437,0.30857,-10.19,-0.037818,-0.2719,0.20651
2.0169,0.16117,-10.04,-0.045757,-0.27631,0.20414
1.9305,0.14499,-9.7276,-0.046803,-0.2605,0.20748
2.1084,0.27177,-10.755,-0.035989,-0.30141,0.20234
1.9186,-0.041789,-9.4693,-0.057072,-0.25525,0.21092
2.0122,0.19186,-11.164,-0.049272,-0.29826,0.20266
1.6125,-0.16987,-9.4192,-0.069764,-0.23152,0.21122
1.76,-0.004095,-10.124,-0.058499,-0.2665,0.20925
1.834,0.015267,-9.9177,-0.054569,-0.26707,0.20971
1.4736,-0.20077,-9.1648,-0.072912,-0.22812,0.21348
1.4894,0.055374,-10.489,-0.055555,-0.24996,0.21044
1.3936,0.086223,-10.554,-0.055488,-0.24329,0.2074
1.2792,0.12438,-10.814,-0.050668,-0.24453,0.2103
1.2598,-0.010778,-10.462,-0.062863,-0.24015,0.21006
1.3899,0.061467,-11.106,-0.060955,-0.26189,0.20775
1.1828,-0.15545,-9.6305,-0.072257,-0.21494,0.21603
1.2797,-0.10923,-9.9447,-0.06593,-0.2353,0.21189
1.2146,-0.18884,-8.9037,-0.07118,-0.20693,0.21633
1.0947,-0.12137,-9.1813,-0.066016,-0.21057,0.21648
1.1251,-0.1298,-9.2485,-0.066217,-0.21154,0.21397
0.99661,-0.10863,-9.2886,-0.061616,-0.20866,0.21521
0.92668,-0.10826,-9.3461,-0.064247,-0.20781,0.21419
1.001,-0.12904,-9.819,-0.065228,-0.21263,0.21334
0.98305,-0.15067,-10.081,-0.071847,-0.21409,0.21404
0.93218,-0.16748,-10.068,-0.075346,-0.20158,0.21551
1.0108,-0.17106,-10.158,-0.073553,-0.20513,0.21542
0.92469,-0.21568,-9.7034,-0.073613,-0.19376,0.21729
0.91417,-0.22458,-9.5463,-0.072729,-0.19008,0.21768
0.92473,-0.1594,-9.266,-0.066026,-0.19192,0.21715
0.85412,-0.10672,-9.1916,-0.05853,-0.18616,0.21751
0.84908,-0.016926,-9.4017,-0.052924,-0.18744,0.21723
0.85948,0.018594,-9.6463,-0.052121,-0.18539,0.21744
0.81759,0.048101,-10.15,-0.054076,-0.18551,0.21744
0.83463,0.060605,-10.396,-0.055691,-0.18668,0.2174
0.85553,0.034021,-10.431,-0.057993,-0.18859,0.21716
0.88437,-0.003417,-10.422,-0.060612,-0.18991,0.21741
0.94149,-0.011252,-10.182,-0.060777,-0.19388,0.21676
0.99801,-0.015882,-9.9684,-0.058609,-0.19687,0.21628
1.0375,0.012693,-9.7759,-0.053839,-0.20244,0.21568
1.0982,0.066,-9.8481,-0.050217,-0.20704,0.215
1.189,0.10326,-9.9551,-0.048206,-0.21387,0.21412
1.272,0.14327,-10.273,-0.047364,-0.22401,0.21251
1.4086,0.18058,-10.534,-0.048256,-0.23203,0.21205
1.5143,0.16155,-10.73,-0.049699,-0.24145,0.2111
1.6549,0.1576,-10.871,-0.050924,-0.25112,0.21013
1.7289,0.15546,-10.832,-0.053637,-0.26019,0.20901
1.8791,0.1175,-10.718,-0.054689,-0.26918,0.20804
1.9851,0.08579,-10.644,-0.058326,-0.27539,0.20723
2.0414,0.044078,-10.635,-0.061624,-0.281,0.20678
2.1017,-0.021889,-10.654,-0.067385,-0.2827,0.20682
2.0794,-0.053805,-10.852,-0.071122,-0.27982,0.20748
2.0614,-0.028499,-11.138,-0.070306,-0.28529,0.2067
2.1331,0.05273,-11.323,-0.064665,-0.28868,0.20635
2.1317,0.009264,-11.388,-0.070037,-0.28865,0.20589
2.0981,0.091316,-11.131,-0.060631,-0.28291,0.20684
2.1096,-0.04515,-10.668,-0.068887,-0.27574,0.20852
2.1052,-0.061241,-10.945,-0.073399,-0.2853,0.20734
2.3324,0.037139,-11.508,-0.067297,-0.31835,0.2026
2.0746,-0.15861,-10.276,-0.071051,-0.27129,0.20868
2.0601,-0.025536,-11.22,-0.068515,-0.29619,0.2047
2.0775,-0.056841,-11.053,-0.070201,-0.29236,0.20486
1.8089,-0.16079,-10.242,-0.07181,-0.25637,0.21017
1.8469,-0.064091,-11.38,-0.067561,-0.28225,0.20633
1.7484,-0.29554,-9.9778,-0.083292,-0.24939,0.21183
1.5245,-0.07131,-11.778,-0.07134,-0.26133,0.20773
1.6164,-0.34729,-10.535,-0.087426,-0.23829,0.21085
1.3951,-0.37493,-11.149,-0.091246,-0.24137,0.2087
1.2735,-0.56476,-10.064,-0.10044,-0.21342,0.21459
1.2879,-0.52862,-10.726,-0.10011,-0.22376,0.21214
1.2324,-0.55123,-10.29,-0.10555,-0.2182,0.21509
1.2115,-0.61694,-9.9265,-0.10738,-0.21523,0.21486
1.2122,-0.47363,-10.549,-0.099878,-0.22449,0.21289
1.0527,-0.65174,-9.8338,-0.10602,-0.19294,0.21658
1.2612,-0.44744,-11.272,-0.10397,-0.23458,0.2124
1.2273,-0.58808,-10.656,-0.10635,-0.21398,0.21411
1.381,-0.51124,-10.994,-0.10379,-0.23443,0.2125
1.3607,-0.51585,-11.196,-0.10978,-0.24066,0.21103
1.3677,-0.53501,-10.897,-0.10777,-0.23871,0.21125
1.339,-0.45377,-10.786,-0.098789,-0.22605,0.21383
1.3593,-0.47945,-10.863,-0.10061,-0.23317,0.212
1.2529,-0.47029,-10.629,-0.10056,-0.21681,0.21511
1.2891,-0.30244,-10.993,-0.089828,-0.22873,0.21284
1.2139,-0.44606,-10.618,-0.099015,-0.21654,0.21413
1.2337,-0.36127,-11.133,-0.089839,-0.22573,0.21213
1.1436,-0.46409,-10.182,-0.096893,-0.20685,0.21498
1.1198,-0.47994,-10.61,-0.10225,-0.2147,0.21422
1.1034,-0.5185,-10.098,-0.10283,-0.20332,0.21711
1.0388,-0.5721,-9.8565,-0.10193,-0.19228,0.21772
1.0317,-0.49215,-10.109,-0.096819,-0.2009,0.21666
1.12,-0.51595,-10.306,-0.10369,-0.20895,0.2163
0.96013,-0.61331,-10.002,-0.10612,-0.19146,0.21773
1.0761,-0.52379,-10.743,-0.10324,-0.2139,0.21425
1.0456,-0.65945,-10.225,-0.10983,-0.1977,0.21723
1.0896,-0.71907,-10.64,-0.11442,-0.20377,0.21628
1.1054,-0.74922,-10.996,-0.12368,-0.2127,0.21568
1.0512,-0.76044,-10.999,-0.12652,-0.20387,0.21645
1.0624,-0.83795,-10.957,-0.13052,-0.2065,0.21687
1.2422,-0.88843,-10.943,-0.12854,-0.21638,0.21564
1.2489,-0.85967,-11.008,-0.13104,-0.22007,0.21568
1.2,-0.84819,-11.009,-0.12873,-0.21828,0.21529
1.2512,-0.87345,-11.327,-0.13772,-0.22436,0.21387
1.2051,-0.81782,-10.784,-0.12847,-0.21407,0.21608
1.2381,-0.82374,-11.008,-0.12576,-0.21477,0.21548
1.0974,-0.89381,-10.981,-0.13592,-0.20399,0.21699
1.3051,-0.69728,-12.471,-0.12752,-0.24541,0.21112
1.216,-0.86187,-11.332,-0.13376,-0.22079,0.21381
1.2709,-0.8177,-11.329,-0.12895,-0.22714,0.21417
1.2604,-0.82337,-11.646,-0.13618,-0.22751,0.21471
1.1836,-0.84829,-11.118,-0.14837,-0.21864,0.21571
1.1765,-0.77552,-11.23,-0.13183,-0.22449,0.21428
1.1575,-0.63881,-11.15,-0.10787,-0.21621,0.2144
1.1403,-0.69175,-11.137,-0.12464,-0.22266,0.2149
1.0927,-0.68175,-11.155,-0.11945,-0.21687,0.21532
0.96333,-0.71002,-10.94,-0.11732,-0.20161,0.21774
0.89287,-0.74908,-11.248,-0.12776,-0.20249,0.21653
0.90375,-0.79325,-11.293,-0.12439,-0.20438,0.21623
0.81723,-0.78516,-11.511,-0.1331,-0.18907,0.21909
0.70087,-0.83663,-11.753,-0.13727,-0.18163,0.2201
0.61712,-0.91428,-11.649,-0.14454,-0.17647,0.22085
0.53131,-0.89923,-11.758,-0.14494,-0.16589,0.22197
0.45538,-0.94052,-11.747,-0.14692,-0.15718,0.22296
0.34459,-0.98002,-11.594,-0.1453,-0.14972,0.22363
0.22527,-0.94678,-11.486,-0.14487,-0.13961,0.22504
0.1402,-0.95126,-11.411,-0.14444,-0.13334,0.22588
0.076612,-0.91365,-11.409,-0.14505,-0.12837,0.22623
0.041483,-0.97552,-11.351,-0.14485,-0.12561,0.22648
0.043893,-0.98131,-11.332,-0.14594,-0.12689,0.22597
-0.023283,-0.99761,-11.161,-0.14604,-0.1216,0.22672
-0.070504,-0.98886,-10.946,-0.143,-0.11602,0.22728
-0.16753,-0.98769,-10.654,-0.1393,-0.10903,0.22782
-0.26975,-1.0074,-10.411,-0.13736,-0.10004,0.22881
-0.36514,-1.0055,-10.131,-0.13591,-0.090891,0.22993
-0.51095,-0.99858,-9.8464,-0.13188,-0.084193,0.2305
-0.55594,-0.96745,-9.7025,-0.12762,-0.077262,0.23096
-0.61805,-0.95503,-9.3663,-0.11901,-0.074914,0.23079
-0.67319,-0.93293,-8.9848,-0.11204,-0.071196,0.23073
-0.76115,-0.9258,-8.8116,-0.11,-0.067012,0.23083
-0.70503,-0.97639,-9.4225,-0.12563,-0.061221,0.2322
-0.67304,-1.0053,-8.7471,-0.1184,-0.068652,0.23163
-0.61373,-0.92016,-8.9715,-0.11318,-0.072827,0.23181
-0.56686,-0.98628,-8.4359,-0.11607,-0.074589,0.23073
-0.53467,-0.96044,-10.051,-0.1299,-0.074212,0.23191
-0.40694,-1.1894,-8.2828,-0.1374,-0.084307,0.23056
-0.51076,-0.92613,-8.9951,-0.11269,-0.070896,0.23103
-0.40136,-1.1115,-8.4193,-0.12755,-0.087728,0.22947
-0.40089,-1.0328,-8.9677,-0.1228,-0.090453,0.22882
-0.44789,-1.1099,-8.9967,-0.12864,-0.083929,0.22922
-0.47211,-1.0247,-8.8743,-0.11843,-0.086136,0.22913
-0.41436,-1.0427,-9.1581,-0.12534,-0.093875,0.22922
-0.35551,-1.1801,-8.32,-0.12429,-0.091137,0.22849
-0.39826,-0.99902,-8.7366,-0.11817,-0.090402,0.2287
-0.2969,-1.014,-9.1823,-0.1355,-0.097897,0.22955
-0.28602,-0.98708,-8.0745,-0.12005,-0.097306,0.22826
-0.4292,-0.70276,-9.6583,-0.09994,-0.080764,0.23081
-0.29121,-0.98257,-7.2025,-0.10251,-0.093545,0.22856
-0.33073,-0.90247,-8.9887,-0.12342,-0.099724,0.22877
-0.22275,-0.98656,-9.4275,-0.12679,-0.10538,0.22767
-0.30323,-1.1575,-9.1421,-0.13517,-0.092064,0.22755
-0.1427,-1.0014,-10.545,-0.1353,-0.10869,0.22722
-0.039482,-1.0889,-9.2376,-0.13041,-0.11023,0.22837
-0.14613,-0.95967,-9.8637,-0.13097,-0.10628,0.22856
-0.11249,-0.95931,-10.575,-0.13033,-0.11855,0.22524
-0.067993,-0.92255,-9.5968,-0.12642,-0.11016,0.22824
-0.18484,-1.0576,-9.3681,-0.13301,-0.09932,0.22932
-0.11036,-0.99791,-10.233,-0.13496,-0.10677,0.22825
-0.20335,-0.95934,-10.693,-0.13317,-0.09485,0.22905
-0.053259,-1.0341,-10.029,-0.13239,-0.1098,0.22813
-0.067114,-1.0832,-10.075,-0.13804,-0.1082,0.2284
-0.09021,-1.319,-7.1851,-0.12544,-0.10082,0.22889
-0.1561,-1.0691,-10.213,-0.13938,-0.1052,0.22718
-0.16216,-1.4795,-6.9084,-0.13048,-0.097036,0.22945
-0.063928,-1.2657,-8.6464,-0.13892,-0.10479,0.22776
-0.008009,-1.3828,-9.0362,-0.14632,-0.11151,0.22904
-0.041718,-1.4874,-8.6063,-0.15193,-0.10239,0.22844
0.04342,-1.519,-10.07,-0.1702,-0.11287,0.22849
0.16647,-1.6073,-9.8195,-0.17683,-0.12153,0.22709
0.2103,-1.6677,-10.796,-0.19514,-0.12554,0.22777
0.42545,-1.746,-10.317,-0.19266,-0.1406,0.22623
0.45099,-1.7954,-10.124,-0.19235,-0.1486,0.22486
0.57409,-1.7597,-9.5618,-0.17754,-0.15459,0.22391
0.62754,-1.8335,-9.0114,-0.17464,-0.1496,0.22435
0.69444,-1.834,-9.4731,-0.18533,-0.1639,0.22255
0.75725,-1.8742,-9.3711,-0.18736,-0.16365,0.22236
0.84778,-1.9047,-10.091,-0.20652,-0.18007,0.22057
0.95345,-1.9452,-10.394,-0.2141,-0.19333,0.21937
0.95256,-1.6551,-9.4529,-0.17692,-0.18337,0.21936
1.1245,-1.8379,-10.123,-0.20355,-0.19875,0.2194
1.2763,-1.9335,-9.4196,-0.1927,-0.20093,0.21947
1.4487,-1.6654,-10.378,-0.18698,-0.22001,0.21663
1.4273,-1.8332,-9.5672,-0.18906,-0.21319,0.2162
1.6104,-1.9808,-10.577,-0.20885,-0.24158,0.21478
1.7525,-1.7733,-10.712,-0.19469,-0.25075,0.21204
1.9882,-1.6693,-10.318,-0.19604,-0.28574,0.21266
1.5788,-1.5216,-10.157,-0.17146,-0.23136,0.21261
1.4919,-1.3058,-9.5323,-0.15193,-0.23102,0.21339
1.6046,-1.3198,-9.294,-0.15027,-0.23697,0.21544
1.2184,-1.4148,-8.6855,-0.15142,-0.19358,0.2169
1.3756,-1.253,-9.4346,-0.15511,-0.22832,0.21402
1.4547,-1.4338,-9.2161,-0.16146,-0.23019,0.21512
1.0976,-1.2415,-8.7167,-0.14043,-0.19249,0.21536
1.5514,-1.5435,-10.811,-0.19947,-0.26399,0.21209
1.4547,-1.7104,-8.8821,-0.17811,-0.21663,0.21737
1.1548,-1.0521,-9.9886,-0.14694,-0.22416,0.2127
1.3214,-1.2684,-9.557,-0.1562,-0.21918,0.21509
1.4729,-1.1305,-9.3529,-0.14506,-0.23389,0.21515
1.4525,-0.84605,-9.5085,-0.12036,-0.23038,0.21501
1.3782,-1.0983,-8.6216,-0.13051,-0.20125,0.21763
1.4135,-1.035,-9.28,-0.13135,-0.2175,0.21592
1.541,-0.80693,-9.2426,-0.11811,-0.23265,0.21472
0.98935,-1.0561,-8.156,-0.12513,-0.15687,0.21866
1.57,-0.61443,-11.459,-0.12683,-0.27655,0.20702
1.2847,-0.74193,-9.0998,-0.10842,-0.2032,0.21447
1.2038,-0.74186,-7.6933,-0.1039,-0.18681,0.22126
1.4084,-0.7928,-8.8552,-0.11249,-0.21642,0.2178
1.4055,-0.5279,-10.997,-0.11829,-0.25675,0.20948
0.87568,-0.68039,-9.3143,-0.11349,-0.17923,0.21395
1.0198,-0.66783,-7.5514,-0.10316,-0.1879,0.2213
1.0717,-0.46012,-10.11,-0.10371,-0.2118,0.21267
0.69436,-0.75171,-9.0916,-0.11353,-0.16651,0.21532
1.0452,-0.64136,-8.8601,-0.10822,-0.20587,0.21805
0.80516,-0.6617,-9.7024,-0.10613,-0.1808,0.2136
1.1057,-0.53627,-9.0106,-0.098474,-0.21476,0.21808
0.79994,-0.64048,-8.9395,-0.10992,-0.18887,0.21813
1.0051,-0.5276,-8.4257,-0.097781,-0.19963,0.21705
0.97383,-0.4642,-9.4407,-0.10037,-0.21535,0.21536
0.70393,-0.79711,-7.5945,-0.11095,-0.14629,0.22169
0.55503,-0.62055,-9.0662,-0.10701,-0.16646,0.21618
0.95661,-0.34645,-9.6336,-0.08751,-0.21683,0.21383
0.68259,-0.56143,-9.0102,-0.098938,-0.18307,0.21749
0.70826,-0.75525,-8.0175,-0.10642,-0.16725,0.22026
0.83447,-0.54708,-8.9985,-0.094791,-0.18902,0.21741
0.74845,-0.52792,-9.5532,-0.10109,-0.18987,0.21533
0.8573,-0.59076,-9.2262,-0.095108,-0.18544,0.21699
1.0371,-0.57294,-8.2427,-0.097036,-0.18403,0.22128
1.1882,-0.33032,-9.3274,-0.085273,-0.22094,0.21753
0.78075,-0.52776,-7.8434,-0.095913,-0.15827,0.22112
0.69594,-0.53578,-7.5779,-0.095224,-0.14821,0.22394
1.2102,-0.26033,-9.4378,-0.073786,-0.21777,0.21547
0.85553,-0.3963,-8.6351,-0.082562,-0.17917,0.21931
0.61224,-0.29588,-8.9604,-0.079142,-0.17122,0.2187
0.90824,-0.20578,-9.2863,-0.068134,-0.19435,0.21745
0.50246,-0.26523,-8.5018,-0.07457,-0.15255,0.22074
0.55844,-0.22253,-8.3778,-0.074912,-0.15897,0.22266
0.38618,-0.10365,-9.6566,-0.064623,-0.15309,0.21706
0.67485,-0.25445,-8.7736,-0.072803,-0.17181,0.22193
0.36949,-0.52751,-6.7832,-0.091042,-0.1265,0.22507
0.59026,-0.12463,-9.4129,-0.060347,-0.16922,0.2203
0.34783,-0.20708,-8.1376,-0.068829,-0.14871,0.22351
0.45025,0.046327,-10.034,-0.054693,-0.17408,0.21904
0.33534,-0.043694,-9.4781,-0.06588,-0.14714,0.22162
0.37257,0.12385,-9.5783,-0.054841,-0.14502,0.22329
0.45577,0.059352,-9.3661,-0.061498,-0.15596,0.22257
0.39452,0.21902,-9.9864,-0.047565,-0.15956,0.22166
0.14812,0.090668,-9.6991,-0.060828,-0.13592,0.22289
0.49421,0.40464,-9.5632,-0.02965,-0.16582,0.22413
0.30425,0.26431,-9.2649,-0.045609,-0.14161,0.22451
0.033045,0.14549,-8.768,-0.060329,-0.1237,0.2257
0.23211,0.40763,-10.959,-0.038377,-0.14279,0.22213
0.15374,0.060127,-9.3154,-0.063204,-0.14372,0.22479
-0.029729,0.34356,-10.654,-0.03636,-0.12834,0.22375
-0.32925,-0.20555,-11.166,-0.088506,-0.098893,0.22423
-0.11158,0.31526,-10.195,-0.039343,-0.11755,0.22693
-0.19855,0.16046,-9.3545,-0.050694,-0.10455,0.22843
-0.23833,0.10139,-9.9763,-0.057877,-0.1063,0.22802
-0.38461,0.22632,-10.632,-0.050833,-0.09357,0.22847
-0.25478,0.055541,-9.8575,-0.06344,-0.10039,0.2284
-0.27568,-0.029827,-9.4173,-0.069004,-0.099979,0.22978
-0.29155,0.16531,-10.38,-0.051808,-0.10031,0.2295
-0.3201,0.1252,-9.4611,-0.052124,-0.095027,0.22951
-0.38833,0.13334,-10.827,-0.056488,-0.094487,0.22979
-0.45015,0.009064,-9.7107,-0.069096,-0.086229,0.22956
-0.51729,0.025433,-10.126,-0.071108,-0.082286,0.2297
-0.44095,-0.033204,-8.634,-0.065521,-0.08546,0.23178
-0.33575,-0.027319,-9.5374,-0.066097,-0.10113,0.23087
-0.53101,0.17527,-10.482,-0.056189,-0.086734,0.23072
-0.57086,0.054255,-10.888,-0.071172,-0.077273,0.23037
-0.41363,0.085441,-10.532,-0.062071,-0.085773,0.22995
-0.39464,0.18582,-11.592,-0.05445,-0.094928,0.23056
-0.61523,-0.16918,-10.44,-0.086894,-0.07086,0.23139
-0.63434,-0.11571,-11.534,0.000985,-0.087017,0.22339
-0.58999,-0.30209,-10.343,-0.03716,-0.089393,0.22608
-0.69061,-0.16303,-10.675,-0.020831,-0.082133,0.22556
-0.44807,0.019212,-10.619,-0.006944,-0.10708,0.22621
-0.72699,-0.25323,-11.73,-0.010545,-0.081852,0.22408
-0.61123,-0.3374,-10.41,-0.033081,-0.085897,0.22595
-0.4769,-0.14281,-9.7011,-0.013838,-0.09689,0.22593
-0.58031,-0.40403,-9.6404,-0.046364,-0.084775,0.22703
-0.53294,-0.56712,-9.1672,-0.064699,-0.090844,0.22724
-0.59183,-0.33335,-9.655,-0.044716,-0.086315,0.22701
-0.60636,-0.48799,-8.784,-0.059654,-0.084158,0.22808
-0.63538,-0.51658,-9.632,-0.054386,-0.076948,0.22771
-0.51289,-0.59408,-9.0756,-0.063897,-0.085513,0.22796
-0.62941,-0.19598,-8.9227,-0.030057,-0.075069,0.2273
-0.62236,-0.43086,-8.777,-0.056133,-0.07973,0.22852
-0.51338,-0.41242,-8.6723,-0.042196,-0.082162,0.2284
-0.54334,-0.028779,-11.058,0.064624,-0.042266,0.22995
-0.53211,-0.36493,-9.4109,0.000574,-0.053328,0.22894
-0.58985,-0.59934,-9.2981,-0.02399,-0.047964,0.22956
-0.56209,-0.43544,-9.3375,-0.010002,-0.060661,0.22962
-0.53139,-0.63517,-10.05,-0.010416,-0.053627,0.22924
-0.66751,-0.28713,-9.3324,0.002966,-0.046718,0.22866
-0.5589,-0.4856,-7.9908,-0.038761,-0.06578,0.22983
-0.54242,-0.69465,-9.5858,-0.020444,-0.055027,0.22933
-0.44978,-0.96338,-8.6375,-0.068431,-0.063633,0.22945
-0.54998,-0.61869,-8.8088,-0.033931,-0.055555,0.22892
-0.51524,-0.81282,-9.9914,-0.025215,-0.049925,0.22884
-0.39687,-0.93208,-9.0238,-0.053164,-0.065912,0.22968
-0.42054,-0.88546,-8.2684,-0.060469,-0.071506,0.22971
-0.4909,-0.94507,-7.5362,-0.077537,-0.067955,0.23035
-0.50386,-0.84202,-8.3798,-0.054264,-0.064319,0.22964
-0.46883,-0.98529,-6.8954,-0.089128,-0.080056,0.23034
-0.24655,-1.2866,-7.6082,-0.10482,-0.091504,0.22892
-0.56955,-1.0681,-8.7419,-0.06547,-0.045416,0.22683
-0.54095,-1.1224,-8.4562,-0.068416,-0.053201,0.22798
-0.4829,-1.2559,-8.0237,-0.085381,-0.059279,0.22845
-0.43535,-1.1595,-6.6529,-0.10603,-0.081126,0.23031
-0.42306,-1.2063,-7.6471,-0.086654,-0.07137,0.22704
-0.58758,-1.0251,-6.7679,-0.084617,-0.067012,0.22934
-0.58253,-1.1688,-9.0414,-0.058676,-0.040332,0.22576
-0.40975,-1.2501,-6.728,-0.098655,-0.080193,0.22851
-0.49224,-1.3778,-8.1299,-0.090314,-0.056473,0.22769
-0.65899,-1.1559,-6.1834,-0.10378,-0.064914,0.22874
-0.3528,-1.3176,-8.6843,-0.085047,-0.066578,0.22642
-0.48115,-1.2869,-6.5227,-0.10535,-0.07376,0.2287
-0.38648,-1.3873,-7.0986,-0.099036,-0.075288,0.2286
-0.18404,-1.4699,-9.4104,-0.082347,-0.072395,0.22454
-0.32924,-1.2786,-6.0305,-0.11327,-0.091696,0.22996
-0.48097,-1.3587,-8.2712,-0.081286,-0.051723,0.22548
-0.36015,-1.3766,-5.9831,-0.11472,-0.085902,0.22832
-0.36323,-1.4312,-7.7743,-0.10133,-0.06816,0.22666
-0.36687,-1.4356,-6.1818,-0.11406,-0.082808,0.22856
-0.32578,-1.5784,-7.0634,-0.11779,-0.076125,0.22598
-0.25864,-1.4476,-6.612,-0.10921,-0.083949,0.22683
-0.27951,-1.3187,-5.3498,-0.11362,-0.094195,0.22941
-0.19431,-1.5258,-6.8472,-0.11294,-0.08203,0.2272
-0.32149,-1.5123,-6.9431,-0.11127,-0.07275,0.22719
-0.23069,-1.6232,-7.3467,-0.12015,-0.082321,0.22693
-0.19236,-1.6732,-8.0973,-0.1166,-0.076129,0.22587
-0.17596,-1.572,-6.7708,-0.12219,-0.087834,0.2284
-0.14583,-1.5655,-6.3921,-0.12365,-0.090948,0.22792
-0.23942,-1.435,-6.2346,-0.11698,-0.087223,0.2275
-0.0745,-1.5175,-5.3955,-0.12753,-0.10098,0.22856
-0.030923,-1.5795,-6.8485,-0.12262,-0.099261,0.22961
0.10239,-1.5146,-6.4017,-0.11853,-0.1093,0.22869
-0.010349,-1.5437,-5.4607,-0.12677,-0.102,0.22948
0.097127,-1.6252,-6.5998,-0.12443,-0.10396,0.22893
0.093464,-1.5565,-6.134,-0.12427,-0.10369,0.22882
0.003134,-1.5893,-5.7811,-0.12561,-0.099627,0.22915
0.13064,-1.5347,-5.3328,-0.12312,-0.10389,0.22833
0.18625,-1.7143,-6.8582,-0.12949,-0.10844,0.22932
0.13726,-5.1194,-6.9303,-0.66139,-0.080728,0.19475
0.37073,-2.9613,-10.153,-0.14002,-0.099629,0.22515
0.41339,-3.3162,-8.4173,-0.20977,-0.10265,0.22558
0.43575,-3.1385,-8.1135,-0.17196,-0.10928,0.22874
0.76725,-4.1932,-10.186,-0.32574,-0.13638,0.22493
0.71303,-4.0911,-8.0733,-0.31,-0.15331,0.22611
0.78589,-4.2613,-7.6095,-0.32948,-0.16756,0.22731
0.90394,-4.4899,-7.8821,-0.3594,-0.16202,0.22528
0.91435,-4.3509,-7.9591,-0.33599,-0.16285,0.22853
0.97366,-4.2129,-8.0045,-0.3058,-0.17665,0.23059
1.0305,-4.3926,-8.074,-0.33671,-0.17671,0.22812
1.0955,-4.4451,-7.8267,-0.35032,-0.18124,0.22935
1.1774,-4.2755,-7.3696,-0.33557,-0.19446,0.23158
1.2273,-4.1387,-7.1628,-0.31722,-0.19621,0.23246
1.2528,-4.1113,-7.1466,-0.31427,-0.20026,0.23311
1.328,-4.2603,-7.2396,-0.33221,-0.2088,0.23371
1.3602,-4.4157,-7.2955,-0.34836,-0.21195,0.23302
1.3009,-4.3524,-7.0019,-0.343,-0.20457,0.23263
1.2465,-4.2841,-6.8335,-0.33282,-0.19731,0.23195
1.1111,-4.3569,-6.7257,-0.33962,-0.19038,0.23126
1.0398,-4.4506,-6.7095,-0.35515,-0.18633,0.22993
0.93504,-4.5243,-6.5279,-0.36448,-0.17786,0.22799
0.87318,-4.4771,-6.3763,-0.35636,-0.1692,0.22747
0.79405,-4.4319,-6.3912,-0.35072,-0.16447,0.22735
0.76465,-4.4706,-6.3978,-0.35487,-0.16302,0.22721
0.69214,-4.5213,-6.3403,-0.36219,-0.15893,0.22623
0.67187,-4.4408,-6.182,-0.35809,-0.15389,0.22541
0.60767,-4.3192,-5.9824,-0.34566,-0.15057,0.22557
0.6084,-4.1798,-5.6714,-0.3349,-0.15268,0.22674
0.58969,-4.1037,-5.4237,-0.3335,-0.15268,0.22677
0.54583,-4.0025,-5.1775,-0.33228,-0.14914,0.22613
0.52134,-3.8764,-5.0244,-0.32189,-0.14646,0.22663
0.51991,-3.7322,-4.9646,-0.30902,-0.1459,0.22744
0.49862,-3.6706,-4.9298,-0.30381,-0.14513,0.22761
0.50119,-3.6459,-4.8125,-0.30351,-0.14555,0.22746
0.49178,-3.5637,-4.9252,-0.29857,-0.1445,0.22751
0.48546,-3.4278,-4.8648,-0.28645,-0.14353,0.22814
0.45846,-3.3644,-4.9084,-0.27921,-0.14243,0.22818
0.40096,-3.3582,-4.9166,-0.2806,-0.14095,0.22812
0.38814,-3.3478,-4.9018,-0.28314,-0.13854,0.22791
0.33854,-3.2883,-4.9694,-0.27811,-0.13503,0.22772
0.33532,-3.2651,-5.036,-0.27293,-0.13272,0.22754
0.3422,-3.2435,-5.1696,-0.27043,-0.134,0.228
0.39862,-3.2798,-5.3272,-0.27303,-0.13704,0.22769
0.39091,-3.3302,-5.4507,-0.27287,-0.13901,0.22815
0.41762,-3.2651,-5.6464,-0.26641,-0.14205,0.22858
0.48272,-3.252,-5.7367,-0.26151,-0.14338,0.22951
0.47822,-3.2212,-5.9697,-0.25557,-0.14958,0.23067
0.54003,-3.104,-6.1474,-0.2418,-0.1517,0.2312
0.42101,-2.6738,-5.8181,-0.18957,-0.13473,0.23099
0.22102,-2.1399,-5.1172,-0.1456,-0.10899,0.2295
0.076504,-1.7126,-4.9347,-0.13142,-0.10353,0.22905
-0.017134,-1.4933,-5.0066,-0.12192,-0.099529,0.2292
-0.12967,-1.2692,-5.029,-0.11626,-0.097044,0.22958
-0.13528,-1.1787,-5.0844,-0.1134,-0.097362,0.22951
-0.087156,-1.1489,-5.137,-0.11283,-0.098723,0.22925
-0.021303,-1.1964,-5.2209,-0.11471,-0.10047,0.22951
0.039035,-1.2146,-5.2201,-0.11544,-0.10233,0.22984
0.053511,-1.1548,-5.1729,-0.11462,-0.10296,0.22968
0.027201,-1.1269,-5.2591,-0.1129,-0.10305,0.22973
0.004138,-1.0594,-5.2854,-0.11115,-0.10147,0.2298
0.003491,-1.041,-5.3556,-0.10921,-0.10115,0.22953
-0.036271,-1.0157,-5.2265,-0.10878,-0.099793,0.2299
-0.062055,-0.97667,-5.2752,-0.10891,-0.098766,0.23017
-0.057618,-0.99178,-5.2427,-0.10911,-0.099302,0.22998
-0.062333,-1.0574,-5.2712,-0.11161,-0.1003,0.23001
-0.004533,-1.126,-5.1614,-0.11276,-0.10101,0.23002
0.52032,-2.1935,-7.6005,-0.13785,-0.10622,0.23059
0.8943,-2.3299,-6.2014,-0.15154,-0.13146,0.22879
1.7011,-2.5257,-10.983,-0.1465,-0.20572,0.23841
2.3898,-3.4766,-18.767,-0.16614,-0.28295,0.2499
2.197,-2.9511,-14.759,-0.16191,-0.24687,0.24207
1.6401,-2.0701,-9.8912,-0.13612,-0.19868,0.23951
1.2313,-1.508,-7.7768,-0.12057,-0.1631,0.23478
1.2941,-1.3183,-9.261,-0.10072,-0.19098,0.23872
1.301,-1.3571,-10.797,-0.093357,-0.19935,0.24185
1.2934,-1.3264,-10.465,-0.082911,-0.20479,0.24291
4.0883,-0.50779,-9.14,-0.10025,-0.75618,0.14714
1.4837,-1.3797,-9.9597,-0.096459,-0.19014,0.23954
1.5303,-1.3941,-8.9703,-0.10401,-0.19448,0.23476
2.1599,-1.5061,-10.767,-0.099072,-0.2734,0.22702
2.199,-1.2565,-10.027,-0.09635,-0.27632,0.22454
2.0196,-1.2416,-10.891,-0.076843,-0.26599,0.23012
2.1311,-1.5161,-12.556,-0.081113,-0.25226,0.23537
1.8974,-0.96532,-10.546,-0.063011,-0.25723,0.2209
1.676,-0.95669,-9.9052,-0.062531,-0.21993,0.2231
1.5478,-0.65912,-8.1731,-0.061433,-0.23212,0.21848
1.4683,-0.60134,-7.972,-0.058348,-0.21595,0.22171
1.425,-0.55946,-8.8274,-0.040244,-0.21403,0.22539
1.347,-0.61529,-8.7792,-0.044385,-0.20122,0.22794
1.4027,-0.63816,-9.283,-0.036386,-0.20166,0.22879
1.3857,-0.67133,-8.9744,-0.044461,-0.20815,0.22826
1.4595,-0.64191,-9.3298,-0.035851,-0.20936,0.22896
1.4847,-0.70149,-9.2598,-0.041554,-0.21281,0.22863
1.5062,-0.73104,-8.6241,-0.051062,-0.21834,0.22768
1.5527,-0.72668,-8.0515,-0.062605,-0.22009,0.22596
1.6311,-0.78472,-7.8597,-0.066743,-0.23053,0.22404
1.6173,-0.85733,-7.5901,-0.078176,-0.22797,0.22328
1.2743,-0.60282,-5.4445,-0.078952,-0.15742,0.23665
1.5702,-0.28486,-5.6117,-0.024106,-0.23751,0.24858
1.3448,-0.37404,-5.445,-0.049304,-0.20106,0.24416
1.4968,-0.39543,-5.5878,-0.037489,-0.22733,0.24719
1.3979,-0.51921,-5.57,-0.050532,-0.21756,0.24346
1.2606,-0.75926,-5.4856,-0.072964,-0.19836,0.23905
1.2859,-0.95114,-5.5416,-0.098852,-0.20507,0.23043
1.2631,-1.1404,-5.4828,-0.11216,-0.20629,0.22739
1.2412,-1.2926,-5.4149,-0.12129,-0.20442,0.22455
1.3167,-1.4328,-5.4568,-0.13972,-0.21042,0.21912
1.368,-1.4575,-5.4849,-0.14111,-0.21159,0.21879
1.3584,-1.477,-5.5001,-0.14098,-0.21133,0.21864
1.4222,-1.5045,-5.6065,-0.14304,-0.21683,0.21779
1.585,-1.464,-5.616,-0.14353,-0.23626,0.21567
1.6406,-1.4701,-5.7232,-0.14297,-0.23813,0.21563
1.7003,-1.4377,-5.7243,-0.1434,-0.24254,0.21511
1.8356,-1.4471,-5.9027,-0.14265,-0.25289,0.21372
1.9342,-1.4702,-6.0275,-0.14293,-0.26223,0.21247
1.9703,-1.4631,-6.1949,-0.14286,-0.26456,0.21215
1.9966,-1.3892,-6.2911,-0.14179,-0.26394,0.21248
1.9972,-1.3701,-6.456,-0.14067,-0.26351,0.21266
1.9535,-1.3029,-6.9083,-0.13839,-0.2546,0.21426
1.7593,-1.1927,-7.1379,-0.1367,-0.22383,0.21838
1.14,-1.0512,-6.0658,-0.11758,-0.15389,0.22659
0.94094,-0.91462,-7.1004,-0.11987,-0.17474,0.22369
0.51456,-1.0158,-5.2764,-0.11099,-0.12237,0.22852
0.16126,-0.96705,-4.8805,-0.10834,-0.10711,0.2305
-0.037423,-1.0861,-4.8832,-0.11137,-0.10072,0.23017
-0.1585,-1.1621,-4.8843,-0.1155,-0.096866,0.23013
-0.26862,-1.211,-4.8954,-0.11596,-0.093734,0.23043
-0.32411,-1.2561,-4.9295,-0.11785,-0.093662,0.22956
-0.36782,-1.2877,-4.9005,-0.11769,-0.092322,0.22981
-0.35456,-1.2947,-4.9806,-0.11567,-0.091501,0.22991
-0.41491,-1.255,-4.9543,-0.11751,-0.091687,0.22951
-0.45836,-1.2133,-4.9277,-0.11605,-0.089909,0.23
-0.44413,-1.1825,-4.9219,-0.11549,-0.089835,0.23038
-0.45998,-1.1764,-5.0305,-0.11515,-0.090037,0.23038
-0.50996,-1.162,-4.9799,-0.1143,-0.088091,0.23077
-0.50005,-1.1615,-5.0327,-0.1131,-0.087527,0.23003
-0.5766,-1.1747,-5.028,-0.11481,-0.086337,0.23085
-0.59085,-1.1829,-5.004,-0.11526,-0.086362,0.23078
-0.5327,-1.1757,-4.9807,-0.11323,-0.087348,0.23071
-0.64367,-1.2497,-5.7599,-0.11165,-0.097671,0.2285
-0.97303,-0.95994,-5.0174,-0.10522,-0.079292,0.23156
-1.4471,-1.2803,-15.263,0.036171,0.021773,0.23616
-1.6064,-1.2066,-11.416,-0.12978,-0.013264,0.22768
-1.84,-0.98782,-8.7514,-0.11781,0.005702,0.2227
-1.8657,-1.0954,-7.484,-0.11269,0.020469,0.2256
-1.9227,-1.1649,-7.6463,-0.12003,0.022674,0.2258
-2.0098,-1.2745,-6.0016,-0.12002,0.045182,0.22796
-2.0923,-1.2167,-5.8966,-0.11336,0.047031,0.2277
-2.0959,-1.1811,-6.0776,-0.11316,0.049529,0.2275
-2.144,-1.118,-6.1124,-0.1106,0.043928,0.22788
-2.1759,-1.1929,-6.4203,-0.11248,0.050296,0.22761
-2.1252,-1.2,-6.5618,-0.11483,0.044734,0.22789
-2.0682,-1.2381,-6.7551,-0.1132,0.043585,0.22773
-1.8048,-1.3194,-6.5443,-0.1169,-0.001586,0.22895
-1.2154,-1.288,-5.077,-0.11823,-0.061901,0.23008
-0.79528,-1.2139,-4.9363,-0.11739,-0.079631,0.23006
-0.39959,-1.299,-4.9651,-0.1187,-0.090826,0.23021
-0.070676,-1.216,-4.959,-0.11443,-0.10043,0.23019
0.074964,-1.1529,-4.9861,-0.11189,-0.10497,0.22983
0.13915,-1.0242,-5.0785,-0.10943,-0.10729,0.22975
0.14404,-1.0274,-5.0722,-0.10752,-0.10633,0.22959
0.064492,-1.021,-5.0044,-0.10951,-0.1045,0.23001
0.001614,-1.0801,-5.0062,-0.11295,-0.10205,0.23036
0.023838,-1.1974,-5.0595,-0.1129,-0.10137,0.22993
-0.06087,-0.74921,-13.434,-0.16452,-0.12465,0.22872
0.13304,-1.5216,-7.434,-0.14013,-0.11183,0.22973
0.11617,-1.5433,-5.8902,-0.14337,-0.11013,0.23018
0.32255,-1.5312,-8.3907,-0.12082,-0.12764,0.23015
0.42041,-1.6022,-5.9845,-0.12689,-0.11532,0.22946
0.47827,-1.4499,-7.9548,-0.12866,-0.14164,0.23062
0.58034,-1.3631,-6.8306,-0.12477,-0.13823,0.22931
0.62106,-1.5511,-8.0016,-0.12101,-0.14915,0.22979
0.88629,-1.5533,-9.0888,-0.12296,-0.18096,0.22679
1.1501,-1.7894,-8.7026,-0.16659,-0.21211,0.22337
1.2504,-1.7793,-9.0978,-0.16656,-0.21598,0.22409
1.5044,-1.8923,-8.9163,-0.18056,-0.23463,0.22208
1.6154,-1.9246,-8.8251,-0.18985,-0.24482,0.22049
1.7725,-1.9302,-9.0721,-0.18699,-0.25511,0.22049
1.9122,-1.9564,-9.4926,-0.19003,-0.27215,0.21994
2.0211,-1.9525,-9.4552,-0.1916,-0.27408,0.22084
1.9698,-1.9275,-9.2958,-0.19173,-0.26656,0.22166
1.876,-1.9973,-9.1603,-0.19919,-0.25419,0.22226
1.6979,-1.994,-9.067,-0.193,-0.2398,0.22361
1.4201,-2.0845,-7.2111,-0.22164,-0.20619,0.22378
0.90806,-1.9304,-5.9971,-0.18936,-0.15771,0.22798
0.23058,-1.448,-4.921,-0.12247,-0.10917,0.22955
-0.27877,-1.3045,-4.8271,-0.11876,-0.09404,0.22936
0.91229,-1.1525,-4.9515,-0.10436,-0.16081,0.23711
0.27326,-1.5935,-4.8307,-0.12807,-0.11071,0.2274
0.13725,-1.7577,-5.0489,-0.14538,-0.10511,0.2305
0.046264,-1.3159,-4.8181,-0.11835,-0.1041,0.2293
0.02036,-1.3605,-4.8699,-0.12123,-0.1007,0.23213
-0.16646,-1.3976,-4.9294,-0.12076,-0.10404,0.23082
-0.36129,-1.4168,-4.9833,-0.12253,-0.0908,0.23139
-0.41384,-1.4199,-5.1712,-0.1361,-0.089317,0.23103
-0.4485,-1.4563,-5.149,-0.12455,-0.088145,0.2297
-0.34471,-1.4052,-5.0102,-0.12228,-0.091908,0.23055
-0.20982,-1.3449,-4.9502,-0.11955,-0.09596,0.23167
-0.087463,-1.2673,-4.9874,-0.11771,-0.10054,0.23001
0.030835,-1.1924,-4.987,-0.11344,-0.10224,0.22957
0.11507,-1.1296,-5.0163,-0.1131,-0.10564,0.22984
0.13523,-1.1586,-4.9939,-0.11334,-0.10635,0.23031
0.11828,-1.1748,-4.9528,-0.1143,-0.10548,0.2296
0.076939,-1.1767,-5.0096,-0.11486,-0.10438,0.23007
0.1106,-1.1481,-5.0398,-0.11483,-0.1047,0.22984
0.043153,-1.1526,-4.988,-0.1131,-0.1026,0.22983
0.035853,-1.2081,-4.8996,-0.11469,-0.10263,0.22933
0.023395,-1.2341,-4.8857,-0.11566,-0.10246,0.22988
0.054045,-1.2298,-4.9248,-0.11599,-0.10294,0.23004
0.05464,-1.2379,-4.9854,-0.11599,-0.10317,0.22972
0.027193,-1.2274,-4.908,-0.11553,-0.10235,0.22954
0.006123,-1.2164,-4.8772,-0.11529,-0.10226,0.2296
0.008131,-1.1921,-4.9115,-0.11464,-0.10217,0.23029
-0.017909,-1.1669,-4.8877,-0.11421,-0.10127,0.22988
-0.061888,-1.1474,-4.949,-0.11481,-0.10019,0.22947
-0.12366,-1.1764,-4.9214,-0.11434,-0.098158,0.22988
0.32587,-1.4484,-5.1206,-0.13004,-0.10367,0.23409
0.2839,-1.3813,-4.8868,-0.1218,-0.11169,0.22919
0.32547,-1.2821,-5.2014,-0.12355,-0.12925,0.23976
0.59076,-1.1967,-5.0878,-0.11966,-0.17066,0.23978
0.15678,-1.1451,-5.0022,-0.11328,-0.11189,0.23209
0.01874,-1.1108,-4.9828,-0.11271,-0.11461,0.23209
-0.16588,-1.0466,-4.9639,-0.10924,-0.095718,0.2315
0.1266,-0.50605,-4.8768,-0.053734,-0.14243,0.22513
-0.29625,-1.0291,-5.0009,-0.11085,-0.09486,0.2312
-0.19793,-1.129,-4.9205,-0.11375,-0.096398,0.23121
-0.14311,-1.1734,-4.9775,-0.11583,-0.098277,0.23266
-0.13595,-1.1515,-4.9926,-0.11325,-0.097574,0.23198
-0.16752,-0.69861,-5.0525,-0.097493,-0.11008,0.23082
-0.49259,-0.88131,-4.9843,-0.10692,-0.086843,0.23031
-0.55194,-0.72886,-4.9721,-0.10707,-0.087772,0.23353
-1.0409,-0.41592,-5.1643,-0.03059,-0.006491,0.2386
-0.55627,-0.92862,-11.143,-0.15908,-0.098652,0.23191
-0.56052,-0.70839,-11.547,-0.14441,-0.062945,0.23529
-0.26584,-1.0501,-7.7544,-0.13752,-0.098252,0.23229
-0.27712,-1.1298,-10.178,-0.16099,-0.090809,0.233
0.044845,-1.3934,-7.9822,-0.15921,-0.11954,0.22947
0.053479,-1.2342,-6.6067,-0.13655,-0.11151,0.23215
0.18834,-1.2211,-6.9183,-0.14232,-0.1248,0.2286
0.30871,-1.0892,-8.12,-0.13667,-0.14242,0.22616
0.34719,-0.99264,-8.6585,-0.14033,-0.14718,0.22648
0.42465,-0.8562,-8.3171,-0.11516,-0.14961,0.22602
0.41628,-0.72529,-8.5239,-0.10855,-0.14679,0.22553
0.49588,-0.67977,-8.3702,-0.1037,-0.15186,0.22464
0.52291,-0.62303,-8.7716,-0.10097,-0.15766,0.22326
0.48277,-0.54741,-9.2547,-0.09805,-0.15902,0.22371
0.51232,-0.55506,-9.515,-0.10392,-0.16344,0.22267
0.52129,-0.48766,-9.8505,-0.094872,-0.16011,0.22292
0.59881,-0.52359,-9.7173,-0.10354,-0.16853,0.22199
0.7082,-0.59919,-9.0994,-0.099266,-0.1679,0.22205
0.75761,-0.61244,-8.8689,-0.10262,-0.17178,0.22216
0.86473,-0.64348,-8.9451,-0.10544,-0.17749,0.22161
0.97289,-0.69023,-9.6559,-0.10996,-0.19236,0.21936
1.1002,-0.65321,-10.245,-0.11539,-0.20749,0.21776
1.1874,-0.70452,-10.341,-0.11878,-0.21087,0.21782
1.3227,-0.71284,-10.684,-0.12317,-0.22453,0.21655
1.44,-0.85854,-10.963,-0.16439,-0.22828,0.21818
1.915,-0.70158,-10.568,-0.12421,-0.26028,0.20994
2.0936,-0.63303,-11.224,-0.12605,-0.28339,0.2073
2.1755,-0.61552,-10.748,-0.12334,-0.27689,0.20838
2.2779,-0.57382,-10.731,-0.11701,-0.28708,0.20602
2.3819,-0.51301,-10.767,-0.11493,-0.29535,0.20525
2.2733,-0.46402,-10.249,-0.10658,-0.28539,0.20595
2.2292,-0.42063,-10.463,-0.10466,-0.28633,0.20521
2.1741,-0.41097,-10.749,-0.1131,-0.29114,0.20535
3.92,-1.4877,-9.8117,-0.24397,-0.53584,0.25747
2.3343,-0.93181,-12.338,-0.17014,-0.33495,0.2189
1.9674,-1.123,-12.875,-0.17799,-0.28166,0.21297
1.7215,-1.2245,-13.571,-0.19544,-0.26745,0.21267
1.4894,-1.3662,-14.003,-0.20216,-0.25602,0.21388
1.1776,-1.488,-14.46,-0.2134,-0.22373,0.21829
0.75523,-1.4377,-14.477,-0.2231,-0.18955,0.22248
0.33062,-1.3596,-14.319,-0.2139,-0.15597,0.22566
-0.032278,-1.1638,-14.257,-0.19248,-0.1253,0.22857
-0.39724,-1.001,-14.475,-0.17821,-0.097577,0.2314
-0.67709,-0.84695,-14.512,-0.1691,-0.075436,0.23391
-0.93558,-0.76835,-14.299,-0.1581,-0.063192,0.23455
-1.1144,-0.65682,-13.835,-0.14707,-0.052883,0.23496
-1.1935,-0.58238,-13.606,-0.13969,-0.046977,0.23556
-1.1753,-0.5935,-13.394,-0.13652,-0.052726,0.23411
-1.0104,-0.34159,-13.077,-0.096633,-0.065926,0.23105
-0.88385,-0.69608,-11.865,-0.14689,-0.07619,0.2321
-4.2309,2.0166,-14.419,0.1608,0.44648,0.27901
-2.0043,0.058622,-16.063,-0.090259,0.097045,0.26108
-2.2142,0.20686,-14.264,-0.067625,0.092049,0.25274
-1.7364,-0.24291,-14.184,-0.13595,-0.012734,0.23857
-1.9587,-0.032476,-14.198,-0.094137,0.016217,0.24089
-2.001,-0.32435,-13.938,-0.11371,0.042184,0.21835
-1.7053,-0.29568,-13.768,-0.11459,-4.3e-05,0.21436
-1.6867,-0.28711,-13.727,-0.10856,0.001694,0.21672
-1.3906,-0.5245,-13.866,-0.12206,-0.015658,0.21487
-1.1187,-0.59319,-14.924,-0.14414,-0.045351,0.21418
-0.84211,-0.60075,-15.014,-0.14956,-0.067214,0.21388
-0.57181,-0.63259,-14.92,-0.14453,-0.084276,0.21348
-0.34218,-0.62309,-15.309,-0.14803,-0.10833,0.21275
-0.095774,-0.67034,-15.393,-0.15511,-0.12098,0.21272
0.16528,-0.6302,-15.863,-0.15969,-0.14469,0.21252
0.4206,-0.58227,-15.964,-0.1524,-0.16842,0.21235
0.73637,-0.57738,-15.89,-0.15299,-0.19226,0.21162
1.1167,-0.62486,-15.801,-0.15494,-0.22064,0.21061
1.4309,-0.72057,-15.467,-0.15839,-0.24399,0.21146
1.6375,-0.68503,-15.178,-0.15712,-0.26068,0.21143
1.9199,-0.9535,-15.173,-0.12619,-0.26641,0.21818
2.0833,-1.0013,-14.981,-0.10387,-0.26782,0.22449
2.0924,-0.96399,-14.996,-0.10734,-0.27314,0.22415
2.0743,-0.8807,-14.89,-0.11294,-0.27501,0.21982
1.921,-0.68312,-14.615,-0.14894,-0.27553,0.2114
1.9583,-0.77778,-14.598,-0.13222,-0.27265,0.21414
1.8729,-0.99812,-12.804,0.020113,-0.21865,0.24356
2.0516,-1.038,-13.175,-0.026328,-0.26022,0.25095
2.8842,-0.40596,-14.633,-0.14372,-0.4884,0.18178
1.8273,-1.2372,-11.33,-0.069014,-0.20213,0.22958
2.2055,-1.0503,-13.613,-0.067769,-0.28137,0.22377
2.1912,-1.056,-12.858,-0.10658,-0.29066,0.21451
2.0469,-1.2492,-12.845,-0.10841,-0.26103,0.22107
2.0256,-1.2162,-13.626,-0.11105,-0.27071,0.21954
1.9903,-1.1402,-13.96,-0.12657,-0.27888,0.21545
1.8721,-1.1406,-13.893,-0.12524,-0.26744,0.21498
1.7459,-1.2006,-14.144,-0.12504,-0.25292,0.2157
1.5799,-1.1724,-14.008,-0.13778,-0.24384,0.21353
1.3579,-1.0918,-13.728,-0.14884,-0.23057,0.2132
1.1992,-1.0623,-13.439,-0.15364,-0.22406,0.21388
1.0531,-1.042,-13.247,-0.15542,-0.21316,0.21569
0.86122,-0.98759,-13.092,-0.15256,-0.19418,0.21806
0.60742,-0.89744,-13.159,-0.15293,-0.17574,0.22044
0.41105,-0.81322,-13.154,-0.14629,-0.16058,0.22216
0.25632,-0.77084,-13.304,-0.14241,-0.14511,0.22414
0.068135,-0.70211,-13.262,-0.13872,-0.13204,0.22526
-0.081364,-0.65676,-13.271,-0.13291,-0.12142,0.22604
-0.19247,-0.64713,-13.103,-0.1302,-0.11317,0.22633
-0.26974,-0.64224,-12.86,-0.12886,-0.10506,0.22742
-0.31977,-0.64355,-12.702,-0.12777,-0.10237,0.22782
-0.28629,-0.70475,-12.68,-0.11595,-0.10443,0.22747
-0.12817,-0.53534,-11.901,-0.10785,-0.13555,0.2224
-0.10306,-0.20976,-9.3855,-0.035453,-0.11601,0.22206
-1.0558,-0.061016,-8.1845,0.011361,0.056223,0.21142
-0.94731,-0.27374,-5.4505,-0.083335,-0.060742,0.22393
-2.2345,1.691,-5.741,0.21617,0.11428,0.18278
-2.26,1.1455,-8.0339,0.10986,0.093485,0.14543
-2.0519,1.1064,-6.1889,0.07658,0.058405,0.1567
-2.5495,1.5208,-10.728,0.1079,0.082247,0.13463
-2.1865,0.95105,-10.483,0.050677,0.053239,0.12033
-2.1579,0.58699,-16.595,0.022893,0.098122,0.097556
-1.7327,-0.9704,-18.32,-0.030351,0.087807,0.09776
-0.88554,-1.1706,-15.761,-0.02427,0.029389,0.10235
-0.22903,-1.5271,-13.614,-0.049455,0.00746,0.10811
0.17548,-1.7826,-15.265,-0.058021,-0.024155,0.11943
0.64332,-1.7373,-13.891,-0.057716,-0.057255,0.13266
0.70762,-1.3138,-12.826,-0.042307,-0.061124,0.14963
0.87199,-0.90509,-12.794,-0.024237,-0.075319,0.16321
1.0336,-0.67802,-13.235,-0.017582,-0.094397,0.17953
1.2358,-0.29819,-13.638,-0.01485,-0.086344,0.18994
1.3712,-0.11371,-13.111,-0.013315,-0.089455,0.19885
1.3817,-0.17734,-12.964,-0.017471,-0.087951,0.20717
1.3566,-0.3639,-13.213,-0.020243,-0.086501,0.21574
1.3453,-0.61292,-13.855,-0.02317,-0.088119,0.2223
1.2751,-0.85653,-14.879,-0.024874,-0.091578,0.22574
1.2865,-1.1531,-15.544,-0.029382,-0.097946,0.23396
1.3404,-1.4095,-15.915,-0.03731,-0.10711,0.24156
1.3286,-1.6031,-15.782,-0.042834,-0.1139,0.24826
1.3996,-1.611,-15.206,-0.0436,-0.11731,0.25309
1.3383,-1.5496,-14.672,-0.038313,-0.11504,0.25641
1.2915,-1.3928,-14.33,-0.035366,-0.11263,0.26141
1.2357,-1.2379,-14.407,-0.037898,-0.11158,0.26528
1.1979,-1.1413,-14.583,-0.038836,-0.11031,0.26842
1.2434,-1.0792,-14.947,-0.040277,-0.1096,0.27208
1.3444,-1.0827,-15.304,-0.041513,-0.10893,0.27584
1.4817,-1.2646,-15.724,-0.045537,-0.10568,0.27951
1.5832,-1.4451,-16.054,-0.045662,-0.10357,0.28185
1.7335,-1.5925,-16.239,-0.042407,-0.10434,0.28317
1.7664,-1.6429,-16.32,-0.044684,-0.10702,0.28307
1.7954,-1.6869,-16.35,-0.044812,-0.10909,0.28147
1.7843,-1.7412,-16.541,-0.047064,-0.11019,0.27919
1.6838,-1.7871,-17.01,-0.049574,-0.11202,0.27502
1.5595,-1.823,-17.893,-0.052706,-0.11304,0.27119
1.4405,-1.8742,-19.102,-0.056729,-0.11569,0.26784
1.362,-1.9699,-20.449,-0.062789,-0.11703,0.26807
1.3398,-2.1179,-21.956,-0.068939,-0.11515,0.27077
1.3545,-2.1815,-23.504,-0.075627,-0.11539,0.27431
1.3724,-2.2886,-25.198,-0.084492,-0.11596,0.27981
1.4491,-2.3725,-26.753,-0.097015,-0.11737,0.28621
1.4887,-2.4318,-28.506,-0.11033,-0.11797,0.29345
1.5411,-2.379,-30.476,-0.1222,-0.11501,0.30121
1.5831,-2.1932,-32.267,-0.13271,-0.11286,0.31089
1.5951,-1.951,-34.093,-0.13783,-0.10944,0.32057
1.6572,-1.8484,-36.196,-0.14309,-0.10672,0.32984
1.739,-1.8559,-38.518,-0.14703,-0.10468,0.33575
1.7674,-2.0114,-40.833,-0.14975,-0.11022,0.33977
1.8546,-2.0864,-42.786,-0.15974,-0.11407,0.34505
1.8866,-2.1804,-43.581,-0.16706,-0.11474,0.34489
1.7956,-1.8371,-39.041,-0.16126,-0.096601,0.3375
1.513,-0.1276,-36.11,-0.12397,-0.020086,0.31979
1.3457,-0.17811,-35.481,-0.17098,0.058754,0.28301
0.4794,0.87566,-29.635,-0.047082,0.098697,0.26371
0.03918,-0.44364,-27.534,-0.32873,-0.068675,0.23326
-0.61599,-1.9891,-54.813,-0.32279,0.063495,0.19681
-0.93549,-2.3883,-45.495,-0.14439,0.029322,0.20032
-1.3467,-5.5678,-57.6,-0.31994,-0.010952,0.18991
-1.913,-7.7832,-57.702,-0.094555,-0.11129,0.17495
-2.12,-8.3794,-52.909,-0.055715,-0.089955,0.16702
-1.9249,-9.2148,-53.801,-0.069441,-0.11996,0.17594
-1.5332,-8.7692,-53.276,-0.016039,-0.10959,0.1842
-0.75301,-9.0943,-55.508,-0.034906,-0.11866,0.20923
-0.30862,-8.0428,-55.664,-0.053263,-0.10481,0.21741
0.18251,-7.2301,-55.502,-0.097469,-0.087362,0.23201
0.67971,-6.8422,-55.906,-0.08841,-0.073937,0.25832
1.7611,-5.5599,-56.388,-0.15738,-0.053715,0.28749
3.2186,-3.7369,-56.314,-0.33095,-0.001974,0.30651
4.4174,-2.783,-56.26,-0.41899,0.039383,0.3151
5.4104,-2.9414,-56.741,-0.44319,0.064226,0.32043
5.9864,-3.2498,-57.755,-0.45509,0.081101,0.31898
6.1214,-3.9016,-58.7,-0.45628,0.086351,0.3068
5.7745,-4.8759,-58.389,-0.40676,0.079531,0.28634
5.3063,-5.8402,-57.505,-0.34489,0.059134,0.27529
4.8209,-6.2605,-56.922,-0.30721,0.04162,0.27156
4.5466,-5.8801,-56.017,-0.31879,0.027958,0.27008
4.4213,-5.0174,-55.22,-0.36995,0.025096,0.27097
4.5651,-4.1511,-54.364,-0.42531,0.032687,0.27366
4.8569,-3.5938,-54.308,-0.45771,0.044058,0.27646
5.1873,-3.533,-54.817,-0.47001,0.052261,0.27983
5.416,-3.7031,-55.08,-0.47302,0.061213,0.28095
5.4825,-4.1394,-54.708,-0.45556,0.067816,0.27321
5.436,-4.6561,-53.853,-0.41884,0.066164,0.26992
5.3441,-4.9302,-52.851,-0.38403,0.060778,0.27191
5.1991,-4.8941,-51.877,-0.36542,0.055414,0.27493
4.9864,-4.5288,-50.343,-0.36234,0.051299,0.27497
4.8211,-4.1802,-48.884,-0.36537,0.047287,0.27471
4.8176,-3.9724,-47.863,-0.36505,0.05019,0.27479
4.8986,-4.0338,-47.642,-0.34847,0.057374,0.27363
5.013,-4.2932,-47.762,-0.32283,0.067281,0.27053
5.0846,-4.705,-47.679,-0.29454,0.076976,0.26719
5.1961,-5.1232,-47.315,-0.26565,0.079401,0.26544
5.3336,-5.3588,-46.714,-0.24064,0.07672,0.26868
5.4408,-5.3837,-45.858,-0.2272,0.075019,0.27322
5.5689,-5.1802,-44.877,-0.22465,0.07801,0.27477
5.5993,-4.8086,-43.491,-0.2333,0.084393,0.27473
5.6442,-4.3554,-42.669,-0.24776,0.088969,0.2747
5.7123,-4.1198,-42.304,-0.26199,0.09282,0.27266
5.711,-4.0353,-42.037,-0.26552,0.097401,0.26878
5.7249,-4.1667,-41.969,-0.25863,0.10141,0.26328
5.6894,-4.3926,-42.004,-0.24622,0.10323,0.25864
5.6736,-4.6547,-42.075,-0.23105,0.10136,0.25783
5.6702,-4.8542,-41.945,-0.21803,0.098351,0.25796
5.6157,-4.8106,-41.235,-0.21045,0.095084,0.25731
5.5776,-4.6186,-40.175,-0.21279,0.093344,0.25708
5.5018,-4.3015,-39.223,-0.22259,0.091192,0.25763
5.3946,-3.9739,-38.554,-0.22957,0.090056,0.25841
5.2543,-3.7679,-37.847,-0.22594,0.089286,0.25625
5.0099,-3.7165,-37.246,-0.21881,0.089489,0.25292
4.8693,-3.7767,-36.872,-0.20582,0.08844,0.24972
4.7344,-3.9969,-36.9,-0.18868,0.085573,0.24836
4.6206,-4.2225,-37.097,-0.17136,0.082501,0.24628
4.5585,-4.4611,-36.86,-0.15724,0.077995,0.2434
4.5124,-4.5079,-36.281,-0.15162,0.074079,0.24089
4.4342,-4.3409,-35.539,-0.15367,0.069828,0.24127
4.389,-4.0219,-34.908,-0.16654,0.068765,0.24249
4.3165,-3.6849,-34.162,-0.18059,0.069052,0.24182
4.2649,-3.4397,-33.366,-0.18951,0.068837,0.23973
4.216,-3.2905,-32.702,-0.19544,0.067631,0.23769
4.2006,-3.2823,-32.31,-0.1951,0.065111,0.23524
4.1502,-3.321,-32.184,-0.19138,0.061415,0.23161
4.1056,-3.4038,-32.033,-0.18631,0.058615,0.22715
4.0596,-3.5136,-31.708,-0.18213,0.054416,0.2242
3.9872,-3.5492,-31.483,-0.18033,0.049358,0.22386
3.9471,-3.5108,-30.917,-0.17594,0.045658,0.22471
3.9097,-3.3775,-30.135,-0.17387,0.04499,0.22526
3.8742,-3.2003,-29.428,-0.1742,0.045825,0.22507
3.9016,-3.0278,-28.593,-0.17493,0.047659,0.22539
3.9069,-2.8709,-28.076,-0.17917,0.049153,0.22593
3.9285,-2.8011,-27.614,-0.18034,0.05113,0.22459
3.9466,-2.7696,-27.135,-0.17817,0.053411,0.22194
3.9978,-2.7924,-26.82,-0.17407,0.055989,0.21957
3.9891,-2.9401,-26.793,-0.17002,0.056772,0.21793
4.0108,-3.019,-26.642,-0.16672,0.056399,0.21684
4.0352,-3.046,-26.199,-0.16371,0.057665,0.21607
4.0042,-2.9516,-25.643,-0.16558,0.059983,0.2165
4.0385,-2.8867,-25.052,-0.16821,0.062746,0.21761
4.1069,-2.762,-24.483,-0.17002,0.066047,0.21807
4.1633,-2.7188,-24.009,-0.172,0.067797,0.21738
4.1847,-2.6702,-23.382,-0.17535,0.070377,0.21558
4.1945,-2.6816,-22.959,-0.18027,0.072498,0.21253
4.2145,-2.6898,-22.688,-0.18434,0.073991,0.21072
4.2306,-2.6886,-22.453,-0.18701,0.076971,0.20956
4.1804,-2.6934,-22.265,-0.18959,0.078389,0.20908
4.165,-2.6872,-21.931,-0.19057,0.079178,0.20884
4.1038,-2.6161,-21.467,-0.19176,0.080441,0.2094
4.0962,-2.5164,-20.985,-0.19321,0.082181,0.21072
4.0909,-2.4299,-20.533,-0.19373,0.08454,0.21163
4.1353,-2.3357,-20.037,-0.19253,0.087839,0.21267
4.1569,-2.2688,-19.52,-0.18889,0.091905,0.21391
4.2031,-2.2285,-19.113,-0.18383,0.095972,0.21505
4.2709,-2.2187,-18.823,-0.17582,0.098989,0.21642
4.2947,-2.2768,-18.525,-0.16781,0.10307,0.21774
4.3117,-2.3175,-18.288,-0.16024,0.1058,0.21894
4.3282,-2.303,-17.982,-0.1522,0.10827,0.22038
4.3694,-2.3752,-17.69,-0.14646,0.10999,0.22216
4.4327,-2.3573,-17.363,-0.14269,0.11154,0.22284
4.4825,-2.3135,-16.965,-0.13961,0.11452,0.22313
4.5492,-2.2958,-16.49,-0.13929,0.12093,0.22265
4.7036,-2.2365,-16.117,-0.14173,0.1285,0.22212
4.8199,-2.1395,-15.737,-0.14469,0.13883,0.22119
