-0.15387,-1.4677,-4.519,-0.12269,-0.098827,0.22982
-0.11792,-1.4648,-4.5561,-0.12325,-0.099493,0.22958
-0.089502,-1.4714,-4.5882,-0.12255,-0.099629,0.22975
-0.088234,-1.471,-4.5739,-0.12285,-0.099558,0.23009
-0.093059,-1.4653,-4.5269,-0.1228,-0.099254,0.22989
-0.090582,-1.4586,-4.5424,-0.12237,-0.099485,0.22988
-0.082647,-1.505,-4.5488,-0.12127,-0.099186,0.22933
-0.10751,-1.4885,-4.5425,-0.12338,-0.098569,0.22982
-0.083722,-1.4923,-4.5893,-0.12169,-0.098867,0.22969
-0.14166,-1.4985,-4.5115,-0.1231,-0.098501,0.22986
-0.10254,-1.4995,-4.5191,-0.1222,-0.09846,0.22961
-0.13804,-1.515,-4.5269,-0.12391,-0.098505,0.22993
-0.15072,-1.5279,-4.5109,-0.12477,-0.098064,0.22982
-0.12656,-1.5173,-4.5354,-0.12229,-0.098481,0.22989
-0.091066,-1.5289,-4.5493,-0.12222,-0.098871,0.22951
-0.083103,-1.5333,-4.5342,-0.12226,-0.099119,0.2297
-0.1122,-1.4992,-4.4572,-0.12339,-0.099382,0.23012
-0.11775,-1.4937,-4.4504,-0.12312,-0.099019,0.23025
-0.11509,-1.459,-4.4648,-0.1232,-0.099523,0.23005
-0.11624,-1.4513,-4.4661,-0.12224,-0.098961,0.2301
-0.10922,-1.4514,-4.5053,-0.12194,-0.099099,0.2302
-0.1168,-1.4834,-4.4733,-0.12236,-0.099141,0.23006
-0.09866,-1.4641,-4.4201,-0.12197,-0.099244,0.2303
-0.10386,-1.4793,-4.4276,-0.12247,-0.10005,0.23057
-0.10471,-1.4704,-4.4501,-0.12292,-0.10018,0.23045
-0.1006,-1.511,-4.4661,-0.12416,-0.09954,0.23056
-0.11314,-1.509,-4.4505,-0.12407,-0.099478,0.23053
-0.083276,-1.5056,-4.473,-0.12433,-0.099733,0.23037
-0.12103,-1.5093,-4.5213,-0.12401,-0.099004,0.23062
-0.10428,-1.5409,-4.5438,-0.12285,-0.098995,0.23028
-0.1091,-1.5218,-4.4834,-0.12426,-0.098761,0.23082
-0.10659,-1.5372,-4.4581,-0.12476,-0.099729,0.23066
-0.082045,-1.555,-4.4964,-0.1249,-0.10003,0.2306
-0.06531,-1.5678,-4.497,-0.12359,-0.10028,0.23064
-0.10558,-1.5688,-4.4817,-0.12518,-0.099749,0.23083
-0.11265,-1.545,-4.4819,-0.12438,-0.099669,0.23076
-0.11703,-1.5107,-4.5197,-0.12543,-0.099731,0.2306
-0.11513,-1.5094,-4.4968,-0.12505,-0.099874,0.23068
-0.081443,-1.5359,-4.5358,-0.12474,-0.10011,0.23074
-0.11649,-1.5411,-4.5044,-0.12494,-0.10044,0.23085
-0.10037,-1.5376,-4.4904,-0.12431,-0.099946,0.23098
-0.10628,-1.5231,-4.4827,-0.12464,-0.099723,0.23099
-0.075412,-1.5054,-4.4831,-0.12351,-0.099826,0.23088
-0.1233,-1.5055,-4.5519,-0.12495,-0.099309,0.23071
-0.11812,-1.5302,-4.5144,-0.12396,-0.099253,0.23095
-0.11994,-1.536,-4.5056,-0.1252,-0.099353,0.23087
-0.14282,-1.5337,-4.498,-0.12452,-0.099899,0.23105
-0.11949,-1.5218,-4.5392,-0.12434,-0.099244,0.23138
-0.11525,-1.5146,-4.5141,-0.12435,-0.099415,0.23095
-0.13305,-1.5122,-4.5161,-0.12411,-0.098593,0.23122
-0.11708,-1.4886,-4.5543,-0.12302,-0.098788,0.23092
-0.14671,-1.502,-4.5253,-0.12299,-0.098098,0.23134
-0.13143,-1.4687,-4.6095,-0.123,-0.098834,0.23116
-0.12614,-1.4888,-4.5468,-0.12279,-0.098929,0.23103
-0.10024,-1.4749,-4.5025,-0.12245,-0.098744,0.23146
-0.14038,-1.4916,-4.5317,-0.12312,-0.09926,0.23132
-0.14115,-1.4593,-4.5003,-0.12269,-0.099597,0.23126
-0.13221,-1.4883,-4.453,-0.12338,-0.098899,0.23095
-0.14165,-1.5088,-4.3769,-0.12356,-0.09839,0.23128
-0.18166,-1.5219,-4.4692,-0.12421,-0.09819,0.23117
-0.19454,-1.5435,-4.4905,-0.12649,-0.098128,0.23092
-0.1977,-1.6068,-4.5055,-0.12807,-0.097434,0.23084
-0.22313,-1.6239,-4.4135,-0.12838,-0.096172,0.23089
-0.23065,-1.6418,-4.4126,-0.1286,-0.09625,0.23074
-0.24521,-1.6402,-4.4366,-0.128,-0.096378,0.23092
-0.22007,-1.6493,-4.4204,-0.12911,-0.096527,0.23088
-0.17863,-1.6051,-4.4143,-0.12656,-0.097574,0.23121
-0.16984,-1.5669,-4.477,-0.12541,-0.097834,0.23123
-0.092306,-1.507,-4.4929,-0.12271,-0.098913,0.23108
-0.11116,-1.4938,-4.4761,-0.1235,-0.099477,0.23104
-0.091281,-1.4585,-4.4545,-0.12237,-0.10002,0.23145
-0.063824,-1.3957,-4.4533,-0.12085,-0.10061,0.23098
-0.061845,-1.3797,-4.4771,-0.1202,-0.10101,0.23115
-0.056343,-1.3915,-4.4458,-0.12074,-0.10063,0.23102
-0.098096,-1.3687,-4.3919,-0.11951,-0.1006,0.23108
-0.066974,-1.4011,-4.4462,-0.11874,-0.10076,0.23099
-0.08735,-1.3868,-4.415,-0.12101,-0.10019,0.23107
-0.11532,-1.4074,-4.4616,-0.12112,-0.099823,0.23106
-0.10535,-1.4628,-4.4455,-0.12211,-0.099452,0.23095
-0.11531,-1.4588,-4.4298,-0.12245,-0.099685,0.23102
-0.1063,-1.4864,-4.4374,-0.12291,-0.099553,0.23102
-0.12315,-1.4836,-4.3848,-0.12297,-0.098839,0.23131
-0.14475,-1.4762,-4.4381,-0.12313,-0.09923,0.23121
-0.13031,-1.501,-4.4456,-0.12312,-0.098868,0.23102
-0.16098,-1.4872,-4.3771,-0.12271,-0.098338,0.23124
-0.16743,-1.4803,-4.3838,-0.1228,-0.098993,0.23116
-0.13434,-1.4751,-4.4067,-0.12289,-0.099272,0.23107
-0.12232,-1.4955,-4.4371,-0.12299,-0.099421,0.23095
-0.1066,-1.4961,-4.4216,-0.1215,-0.099173,0.23067
-0.1244,-1.4874,-4.4212,-0.12255,-0.09944,0.2308
-0.15989,-1.4438,-4.3759,-0.12241,-0.098999,0.23102
-0.12329,-1.4819,-4.4764,-0.12109,-0.099192,0.23076
-0.11683,-1.474,-4.3829,-0.12168,-0.099399,0.23079
-0.12898,-1.4591,-4.3451,-0.12246,-0.098957,0.23103
-0.11335,-1.4625,-4.4364,-0.1236,-0.099769,0.2309
-0.11054,-1.4885,-4.4432,-0.12434,-0.099856,0.23078
-0.099477,-1.4947,-4.4429,-0.12335,-0.10046,0.23074
-0.08772,-1.5111,-4.4655,-0.12341,-0.10043,0.23054
-0.07759,-1.4822,-4.4737,-0.12353,-0.10056,0.23065
-0.10902,-1.5056,-4.451,-0.12322,-0.099894,0.23067
-0.10195,-1.492,-4.4186,-0.12369,-0.10032,0.23049
-0.10276,-1.4974,-4.3954,-0.12366,-0.10018,0.23046
-0.091743,-1.5085,-4.4496,-0.12338,-0.10058,0.23051
-0.072024,-1.4972,-4.4183,-0.12328,-0.10083,0.23045
-0.096514,-1.502,-4.4506,-0.12318,-0.10053,0.23073
-0.10353,-1.4932,-4.3956,-0.12348,-0.10017,0.2305
-0.11907,-1.4889,-4.4347,-0.12427,-0.09974,0.23057
-0.096816,-1.5085,-4.4201,-0.1219,-0.099532,0.23044
-0.10111,-1.5158,-4.4043,-0.12196,-0.099412,0.23033
-0.11051,-1.5358,-4.4272,-0.12265,-0.098949,0.23021
-0.098272,-1.5319,-4.4184,-0.12254,-0.099804,0.23017
-0.12328,-1.5283,-4.4261,-0.12386,-0.099528,0.23027
-0.094857,-1.5521,-4.4789,-0.12316,-0.1002,0.22995
-0.08696,-1.502,-4.4413,-0.12206,-0.10002,0.23001
-0.098993,-1.504,-4.4253,-0.12208,-0.10009,0.22994
-0.16536,-1.5014,-4.3953,-0.12327,-0.099379,0.23029
-0.14727,-1.4963,-4.3947,-0.12367,-0.099274,0.23011
-0.16273,-1.5053,-4.4182,-0.12383,-0.099012,0.23014
-0.16672,-1.5131,-4.426,-0.12397,-0.098494,0.23003
-0.166,-1.527,-4.4027,-0.12431,-0.098379,0.23004
-0.18925,-1.531,-4.3942,-0.1245,-0.098276,0.2299
-0.19781,-1.5365,-4.3715,-0.12455,-0.097942,0.22998
-0.11668,-1.5485,-4.4485,-0.12306,-0.098906,0.22976
-0.14923,-1.5406,-4.4103,-0.12457,-0.098439,0.23004
-0.16718,-1.5407,-4.4097,-0.12488,-0.098825,0.23006
-0.16391,-1.5266,-4.3335,-0.12416,-0.098134,0.23015
-0.13174,-1.5359,-4.3558,-0.12497,-0.098422,0.22998
-0.1273,-1.5353,-4.426,-0.12243,-0.099202,0.22999
-0.13609,-1.4906,-4.3481,-0.12362,-0.099105,0.23002
-0.081031,-1.5047,-4.426,-0.12186,-0.099311,0.22981
-0.11384,-1.5061,-4.4043,-0.12337,-0.098798,0.23034
-0.090014,-1.518,-4.4791,-0.1216,-0.099538,0.22957
-0.1509,-1.4983,-4.464,-0.12362,-0.099103,0.2299
-0.12864,-1.4918,-4.4122,-0.12274,-0.098435,0.2302
-0.12911,-1.4878,-4.4271,-0.12412,-0.098411,0.23019
-0.1406,-1.5217,-4.4655,-0.12441,-0.098411,0.23017
-0.10702,-1.544,-4.4269,-0.12273,-0.098449,0.23
-0.12693,-1.5135,-4.4486,-0.12389,-0.098695,0.2298
-0.11222,-1.5322,-4.463,-0.12524,-0.099203,0.22982
-0.15147,-1.5084,-4.4415,-0.1237,-0.098837,0.23006
-0.14213,-1.4993,-4.3724,-0.12332,-0.098648,0.23013
-0.12907,-1.515,-4.4126,-0.1236,-0.098585,0.23048
-0.13738,-1.5143,-4.4564,-0.12412,-0.09892,0.22994
-0.14641,-1.5114,-4.3725,-0.12343,-0.09835,0.2301
-0.15127,-1.5235,-4.4118,-0.12406,-0.098275,0.2303
-0.10561,-1.5206,-4.3881,-0.12364,-0.098523,0.23012
-0.13303,-1.5036,-4.4194,-0.12351,-0.098459,0.23019
-0.16292,-1.5019,-4.373,-0.1232,-0.09847,0.23028
-0.1485,-1.4979,-4.358,-0.12286,-0.098763,0.23043
-0.14735,-1.4785,-4.4121,-0.12278,-0.098806,0.23034
-0.13566,-1.4856,-4.3809,-0.12283,-0.099,0.23035
-0.12651,-1.4662,-4.4354,-0.12274,-0.099111,0.23036
-0.13162,-1.4789,-4.3971,-0.12278,-0.098852,0.23045
-0.14314,-1.4999,-4.3968,-0.12311,-0.098499,0.23035
-0.11832,-1.5087,-4.436,-0.12176,-0.098371,0.23019
-0.15065,-1.4991,-4.458,-0.12378,-0.098665,0.23024
-0.14479,-1.5059,-4.4123,-0.12361,-0.098317,0.23034
-0.14056,-1.5216,-4.421,-0.12225,-0.09824,0.23042
-0.11923,-1.4918,-4.3973,-0.12385,-0.098316,0.23046
-0.13865,-1.5015,-4.4672,-0.1238,-0.098677,0.23061
-0.16032,-1.4995,-4.3882,-0.12355,-0.098984,0.23038
-0.1105,-1.5218,-4.4199,-0.12254,-0.099033,0.23033
-0.1387,-1.4909,-4.4261,-0.12362,-0.099518,0.23024
-0.12631,-1.4986,-4.4355,-0.12309,-0.098992,0.23043
-0.1265,-1.5083,-4.3965,-0.12399,-0.099058,0.23052
-0.1221,-1.5053,-4.412,-0.12322,-0.099167,0.23044
-0.11893,-1.5096,-4.3667,-0.12333,-0.098536,0.23061
-0.11951,-1.4901,-4.3963,-0.12361,-0.099239,0.23044
-0.11684,-1.489,-4.4434,-0.12405,-0.099,0.23054
-0.12606,-1.5124,-4.4352,-0.12478,-0.099163,0.23061
-0.12883,-1.5196,-4.4051,-0.12372,-0.098546,0.23056
-0.13032,-1.5107,-4.4275,-0.12476,-0.098949,0.23058
-0.11203,-1.504,-4.4121,-0.12358,-0.099392,0.23054
-0.13257,-1.5066,-4.4046,-0.12353,-0.099174,0.23059
-0.091749,-1.4927,-4.4124,-0.12206,-0.099133,0.2303
-0.076253,-1.4826,-4.4203,-0.12174,-0.099832,0.23047
-0.11902,-1.5114,-4.42,-0.12372,-0.099912,0.23079
-0.090751,-1.492,-4.3901,-0.12377,-0.099575,0.23092
-0.098591,-1.5011,-4.412,-0.1246,-0.099525,0.23065
-0.082057,-1.4956,-4.428,-0.12305,-0.099721,0.23061
-0.12458,-1.5058,-4.482,-0.12405,-0.099554,0.2307
-0.11323,-1.4856,-4.4598,-0.12305,-0.099496,0.23079
-0.11618,-1.4778,-4.4682,-0.12314,-0.099647,0.231
-0.11833,-1.4985,-4.4289,-0.12309,-0.099148,0.23077
-0.12227,-1.4826,-4.4451,-0.12296,-0.09893,0.23084
-0.14952,-1.4743,-4.4376,-0.12297,-0.099186,0.23106
-0.12761,-1.4752,-4.4131,-0.12409,-0.099795,0.23102
-0.12175,-1.4868,-4.4526,-0.12307,-0.098981,0.2308
-0.13144,-1.4784,-4.4371,-0.12345,-0.099084,0.23091
-0.1066,-1.4728,-4.4072,-0.1213,-0.099343,0.23097
-0.13378,-1.4803,-4.4312,-0.12309,-0.098747,0.23125
-0.12358,-1.4834,-4.4383,-0.12274,-0.098871,0.23107
-0.14387,-1.4587,-4.3923,-0.12261,-0.098563,0.23113
-0.13256,-1.4663,-4.4564,-0.12246,-0.09834,0.23155
-0.12576,-1.4713,-4.4393,-0.12152,-0.098427,0.23105
-0.13021,-1.4739,-4.4782,-0.12289,-0.098501,0.23124
-0.15675,-1.4895,-4.4478,-0.12191,-0.097953,0.23123
-0.16895,-1.4881,-4.4717,-0.1234,-0.09761,0.23148
-0.1617,-1.4647,-4.471,-0.12297,-0.098058,0.23133
-0.15481,-1.4711,-4.4183,-0.12303,-0.097679,0.23165
-0.12971,-1.4561,-4.4481,-0.12147,-0.097901,0.23113
-0.16263,-1.4526,-4.4341,-0.12213,-0.097413,0.23154
-0.1611,-1.447,-4.4184,-0.12237,-0.097609,0.23158
-0.13927,-1.4796,-4.4804,-0.1213,-0.097862,0.23148
-0.15739,-1.4576,-4.4176,-0.12231,-0.098173,0.23154
-0.13253,-1.4338,-4.4403,-0.12218,-0.098508,0.23138
-0.15182,-1.4538,-4.4243,-0.1225,-0.098533,0.23138
-0.12601,-1.4613,-4.4483,-0.12129,-0.09886,0.23144
-0.11509,-1.4783,-4.4333,-0.12128,-0.098868,0.23159
-0.13584,-1.449,-4.4092,-0.12245,-0.098845,0.23153
-0.12925,-1.4317,-4.48,-0.12194,-0.098482,0.23155
-0.15366,-1.4324,-4.4648,-0.1227,-0.098203,0.2317
-0.16487,-1.4485,-4.4108,-0.12239,-0.097933,0.23173
-0.16428,-1.4392,-4.4424,-0.12239,-0.097711,0.23179
-0.14224,-1.432,-4.4024,-0.12284,-0.097688,0.23148
-0.1566,-1.4299,-4.4718,-0.1229,-0.097959,0.23145
-0.15459,-1.4376,-4.4569,-0.12185,-0.098003,0.23153
-0.15649,-1.4389,-4.3949,-0.12163,-0.098033,0.23155
-0.15313,-1.4459,-4.4018,-0.12229,-0.098253,0.23147
-0.12946,-1.4459,-4.4316,-0.12287,-0.098639,0.23126
-0.13312,-1.4383,-4.401,-0.12214,-0.098817,0.23135
-0.12429,-1.4337,-4.4243,-0.12225,-0.098625,0.23127
-0.1223,-1.4323,-4.4551,-0.12328,-0.098836,0.2314
-0.13545,-1.4501,-4.3156,-0.12283,-0.098467,0.23134
-0.16207,-1.4184,-4.4409,-0.12176,-0.098246,0.23146
-0.13092,-1.429,-4.3951,-0.12034,-0.097957,0.23134
-0.15496,-1.4332,-4.4564,-0.12248,-0.098144,0.23149
-0.13378,-1.4351,-4.4642,-0.12197,-0.098092,0.23138
-0.11001,-1.4247,-4.4874,-0.12015,-0.098653,0.23126
-0.134,-1.4241,-4.5024,-0.12008,-0.098669,0.23114
-0.11859,-1.4293,-4.4564,-0.12012,-0.098805,0.23134
-0.082358,-1.4355,-4.4485,-0.12016,-0.099469,0.23144
-0.061336,-1.4241,-4.417,-0.12035,-0.099475,0.23127
-0.079709,-1.4281,-4.485,-0.12039,-0.10011,0.23101
-0.088425,-1.415,-4.5092,-0.12014,-0.099763,0.23112
-0.1394,-1.3995,-4.4013,-0.12129,-0.099139,0.23139
-0.14078,-1.409,-4.4398,-0.12174,-0.099356,0.23144
-0.13938,-1.4191,-4.4246,-0.12153,-0.09848,0.23124
-0.14192,-1.4259,-4.4486,-0.12264,-0.098213,0.23149
-0.17788,-1.4512,-4.5021,-0.12279,-0.09769,0.23122
-0.15905,-1.4449,-4.4947,-0.12176,-0.097784,0.23119
-0.16229,-1.456,-4.494,-0.12201,-0.097764,0.23104
-0.17302,-1.4385,-4.5481,-0.12268,-0.097988,0.23112
-0.17003,-1.4187,-4.5412,-0.12237,-0.097826,0.23124
-0.17931,-1.4151,-4.4646,-0.12151,-0.097693,0.23139
-0.18304,-1.4356,-4.4955,-0.12169,-0.097578,0.23137
-0.15611,-1.412,-4.4338,-0.12148,-0.097448,0.23133
-0.13117,-1.4237,-4.5646,-0.11986,-0.09784,0.23088
-0.16435,-1.402,-4.5277,-0.12185,-0.09764,0.23163
-0.12099,-1.3814,-4.5124,-0.11927,-0.097867,0.23131
-0.17617,-1.3891,-4.5571,-0.12085,-0.097959,0.23117
-0.13937,-1.3768,-4.4887,-0.11871,-0.098366,0.23135
-0.15108,-1.3788,-4.5113,-0.11873,-0.098266,0.23116
-0.12597,-1.3698,-4.5436,-0.11888,-0.097989,0.23134
-0.13508,-1.3572,-4.5423,-0.12086,-0.097948,0.23122
-0.14521,-1.4034,-4.5647,-0.12074,-0.098266,0.23116
-0.004081,-1.6822,-5.7373,-0.12994,-0.094835,0.23111
0.40162,-2.368,-9.815,-0.14621,-0.12874,0.23302
0.67347,-2.5915,-12.789,-0.13472,-0.14395,0.23581
0.67827,-2.4862,-10.834,-0.15333,-0.14342,0.23408
0.81607,-2.5001,-10.153,-0.15055,-0.16229,0.23798
0.88189,-2.4862,-9.4174,-0.1608,-0.16365,0.23596
0.70417,-2.1964,-7.1598,-0.15594,-0.14404,0.23426
0.60631,-2.0009,-6.405,-0.14735,-0.13842,0.23525
0.67566,-1.9565,-6.7339,-0.14438,-0.14964,0.23472
0.57704,-1.8897,-6.7768,-0.1423,-0.14551,0.23443
0.56542,-1.8711,-7.019,-0.13878,-0.15254,0.23656
0.36664,-1.6039,-5.6222,-0.12509,-0.12355,0.23266
0.18849,-1.5431,-5.4637,-0.12673,-0.11888,0.23298
0.054827,-1.4634,-5.2131,-0.12304,-0.11064,0.23173
-0.090946,-1.3937,-4.5836,-0.1216,-0.099671,0.23039
-0.12975,-1.4362,-4.6487,-0.12303,-0.098395,0.23108
-0.033716,-1.5678,-6.0292,-0.12205,-0.11779,0.23425
-0.060282,-1.5699,-5.7252,-0.12349,-0.11111,0.23214
-0.039113,-1.6248,-6.0252,-0.12215,-0.11842,0.23349
-0.047527,-1.6538,-5.7338,-0.12502,-0.11183,0.23285
-0.086097,-1.5669,-5.188,-0.12473,-0.10507,0.23222
-0.10327,-1.5792,-5.287,-0.12574,-0.10591,0.23212
-0.10369,-1.5971,-5.4467,-0.1262,-0.1059,0.23129
-0.010207,-1.6283,-6.1798,-0.1217,-0.10778,0.23193
-0.085457,-1.6083,-6.1491,-0.12211,-0.097087,0.231
0.011614,-1.6216,-6.0701,-0.12454,-0.10808,0.23207
-0.01085,-1.6434,-6.4361,-0.12132,-0.10655,0.23153
-0.07589,-1.6722,-6.4477,-0.12468,-0.096538,0.23003
-0.092523,-1.6726,-6.1527,-0.12856,-0.095349,0.23021
-0.092246,-1.6685,-5.9946,-0.1273,-0.10004,0.23078
-0.075668,-1.6105,-5.6312,-0.12477,-0.099668,0.23072
-0.10354,-1.542,-5.5715,-0.12503,-0.09575,0.23015
-0.20101,-1.5279,-5.5514,-0.12398,-0.090515,0.22948
-0.21835,-1.5292,-5.3673,-0.12265,-0.09036,0.22993
-0.17971,-1.5561,-5.5482,-0.12064,-0.090723,0.23034
-0.16792,-1.5962,-6.0594,-0.1204,-0.091309,0.23011
-0.14654,-1.6579,-6.3377,-0.12221,-0.090845,0.22985
-0.17295,-1.6802,-6.4291,-0.12503,-0.089475,0.22939
-0.14411,-1.6915,-6.2958,-0.12854,-0.090512,0.22973
-0.16552,-1.7261,-6.0902,-0.13038,-0.091503,0.2294
-0.18917,-1.6903,-6.0529,-0.13077,-0.088425,0.22892
-0.26401,-1.7028,-5.8526,-0.13134,-0.085076,0.22857
-0.26417,-1.6594,-5.6525,-0.13036,-0.086573,0.22936
-0.27051,-1.6682,-5.6444,-0.13007,-0.086206,0.22915
-0.24802,-1.6682,-5.8463,-0.12933,-0.086186,0.22897
-0.22888,-1.696,-6.1354,-0.12906,-0.084502,0.22886
-0.24489,-1.7303,-6.3468,-0.13035,-0.08052,0.22833
-0.25953,-1.7615,-6.5184,-0.12981,-0.079887,0.22831
-0.26651,-1.7623,-6.5401,-0.12967,-0.08142,0.22835
-0.26479,-1.764,-6.4992,-0.1299,-0.082552,0.2282
-0.27358,-1.7148,-6.2677,-0.12984,-0.082622,0.22858
-0.25721,-1.6774,-5.9654,-0.1301,-0.083851,0.22908
-0.25864,-1.6712,-5.7399,-0.12846,-0.085468,0.22932
-0.24275,-1.6587,-5.761,-0.12871,-0.087333,0.22928
-0.24692,-1.6682,-5.9809,-0.1271,-0.085162,0.22906
-0.23686,-1.6594,-6.2171,-0.12488,-0.08345,0.22909
-0.20641,-1.6853,-6.5529,-0.12437,-0.081719,0.22893
-0.2278,-1.691,-6.7305,-0.12323,-0.084248,0.22934
-0.21055,-1.7218,-6.8234,-0.12424,-0.084676,0.22952
-0.23858,-1.7352,-6.8001,-0.12459,-0.08352,0.22928
-0.19314,-1.7088,-6.7674,-0.12688,-0.084568,0.22931
-0.20484,-1.7045,-6.5468,-0.12787,-0.086195,0.22913
-0.20578,-1.7051,-6.455,-0.12638,-0.086166,0.22932
-0.18119,-1.7033,-6.5176,-0.12472,-0.086691,0.22933
-0.18683,-1.7217,-6.5945,-0.12488,-0.088149,0.22964
-0.16004,-1.7321,-6.7945,-0.12451,-0.0911,0.22992
-0.11281,-1.7132,-6.9887,-0.12329,-0.093758,0.23048
-0.076959,-1.758,-7.2292,-0.12211,-0.095132,0.23066
-0.049642,-1.7192,-7.2819,-0.12109,-0.097503,0.23072
-0.018793,-1.7343,-7.2488,-0.12217,-0.10014,0.23105
0.048911,-1.7546,-7.2003,-0.12261,-0.10366,0.23155
0.10209,-1.7422,-7.2285,-0.12292,-0.10668,0.23164
0.090491,-1.7561,-7.1807,-0.12453,-0.10795,0.23196
0.061009,-1.7563,-7.1725,-0.12476,-0.10926,0.23234
0.14016,-1.7887,-7.2802,-0.12493,-0.11228,0.23287
0.20201,-1.8161,-7.4724,-0.1238,-0.11534,0.23304
0.22497,-1.8463,-7.6823,-0.12474,-0.11646,0.23353
0.28375,-1.873,-7.8751,-0.12323,-0.11829,0.23344
0.33219,-1.8856,-7.958,-0.12347,-0.12145,0.23368
0.32961,-1.8909,-8.0024,-0.12545,-0.12439,0.23423
0.3564,-1.903,-8.006,-0.1271,-0.12736,0.2342
0.36153,-1.925,-8.0365,-0.12795,-0.12879,0.2346
0.3767,-1.9047,-7.9108,-0.12836,-0.13062,0.2348
0.3781,-1.8945,-7.8014,-0.12871,-0.13109,0.23479
0.38506,-1.8847,-7.793,-0.12832,-0.13176,0.23475
0.41664,-1.8761,-7.7627,-0.12749,-0.13184,0.2348
0.44625,-1.9081,-7.8478,-0.12776,-0.13271,0.23497
0.45066,-1.8941,-7.7762,-0.12912,-0.13438,0.23518
0.47167,-1.9114,-7.6259,-0.13096,-0.13669,0.23537
0.48498,-1.9455,-7.6547,-0.13296,-0.13689,0.23508
0.54465,-1.9492,-7.666,-0.13512,-0.14192,0.23564
0.53041,-1.9584,-7.6716,-0.13669,-0.14387,0.23589
0.53441,-2.0102,-7.7413,-0.13691,-0.14431,0.23603
0.56827,-1.9842,-7.8049,-0.13489,-0.14277,0.23561
0.51135,-1.9695,-7.8372,-0.13487,-0.14047,0.23535
0.48162,-1.9826,-7.8796,-0.1321,-0.13692,0.23493
0.42659,-1.9833,-7.797,-0.13302,-0.13373,0.23493
0.3918,-1.9515,-7.7676,-0.13262,-0.13165,0.23473
0.36342,-1.9303,-7.7226,-0.13208,-0.12941,0.23446
0.38766,-1.9166,-7.5769,-0.13046,-0.12729,0.23404
0.35618,-1.8763,-7.4546,-0.12833,-0.12628,0.23401
0.26602,-1.7874,-7.2166,-0.12707,-0.12492,0.23428
0.23429,-1.7445,-7.0019,-0.12448,-0.1231,0.23418
0.22429,-1.6994,-6.8113,-0.12148,-0.1208,0.23402
0.19876,-1.6626,-6.6819,-0.11924,-0.11859,0.23379
0.20614,-1.6802,-6.6994,-0.11581,-0.11628,0.23321
0.16061,-1.6535,-6.8239,-0.1168,-0.11448,0.2329
0.10261,-1.631,-6.9047,-0.11575,-0.11147,0.23278
0.10569,-1.6337,-6.9457,-0.11444,-0.1089,0.23238
0.065664,-1.6151,-6.9635,-0.11393,-0.10611,0.23213
0.036086,-1.6138,-6.9209,-0.11267,-0.10331,0.23224
-0.007583,-1.5876,-6.8293,-0.11231,-0.10107,0.23202
-0.023895,-1.5764,-6.7595,-0.11252,-0.099881,0.23174
-0.045321,-1.5598,-6.7061,-0.11328,-0.098209,0.2316
-0.084633,-1.5569,-6.5593,-0.11162,-0.096883,0.23128
-0.067148,-1.4742,-6.3433,-0.10941,-0.096816,0.23126
-0.089309,-1.4592,-6.12,-0.10779,-0.097058,0.23168
-0.042564,-1.402,-5.9584,-0.10257,-0.098554,0.23174
-0.078603,-1.3437,-5.7182,-0.10244,-0.099278,0.23212
-0.078965,-1.3284,-5.6383,-0.10372,-0.10059,0.23208
-0.036959,-1.2938,-5.5671,-0.10228,-0.10158,0.23173
-0.021883,-1.2971,-5.6611,-0.10179,-0.10236,0.23209
-0.00044,-1.3263,-5.802,-0.099056,-0.10168,0.23184
-0.028795,-1.3216,-5.8392,-0.099394,-0.10273,0.23181
-0.081009,-1.3247,-5.7403,-0.10235,-0.10018,0.23206
-0.095609,-1.3316,-5.5199,-0.10561,-0.099568,0.23154
-0.03631,-1.3404,-5.9266,-0.09882,-0.10194,0.23205
-0.06815,-1.3506,-5.9588,-0.09825,-0.1009,0.23206
-0.024655,-1.3633,-6.2256,-0.097098,-0.099939,0.23224
-0.022225,-1.3915,-6.5291,-0.093995,-0.10001,0.23207
-0.007284,-1.3611,-6.6854,-0.091425,-0.10108,0.23227
0.007843,-1.354,-6.647,-0.09098,-0.10284,0.23284
0.028826,-1.3657,-6.7782,-0.091081,-0.1023,0.23244
0.035905,-1.3901,-6.8227,-0.091431,-0.10423,0.23253
0.062018,-1.3749,-6.7442,-0.092556,-0.10497,0.23258
0.06721,-1.3724,-6.8151,-0.089995,-0.10655,0.23302
0.093933,-1.3709,-6.9371,-0.089823,-0.1088,0.23301
0.12791,-1.369,-7.1004,-0.087859,-0.11116,0.23347
0.16136,-1.3736,-7.1709,-0.085425,-0.11286,0.23379
0.19719,-1.3804,-7.3471,-0.085398,-0.11523,0.2338
0.2057,-1.3701,-7.4338,-0.084418,-0.11536,0.23403
0.25513,-1.3588,-7.5559,-0.08378,-0.11845,0.23419
0.29237,-1.3373,-7.557,-0.080371,-0.12069,0.23465
0.32623,-1.3273,-7.5233,-0.08101,-0.12348,0.2348
0.36358,-1.3209,-7.4041,-0.081076,-0.12593,0.23476
0.39127,-1.3145,-7.4037,-0.082051,-0.12858,0.23552
0.40831,-1.3439,-7.4388,-0.083708,-0.13004,0.23517
0.46041,-1.346,-7.4213,-0.082871,-0.1353,0.23605
0.51747,-1.3359,-7.5512,-0.081497,-0.13783,0.23597
0.51062,-1.3188,-7.4883,-0.084113,-0.13734,0.23592
0.49489,-1.4171,-7.7675,-0.084589,-0.14026,0.23693
0.49669,-1.3912,-7.4688,-0.087414,-0.13774,0.23552
0.57247,-1.4165,-7.6484,-0.087537,-0.14046,0.23648
0.61664,-1.4437,-7.8438,-0.086615,-0.14873,0.2371
0.57883,-1.5297,-7.8864,-0.092014,-0.14197,0.23684
0.60956,-1.549,-8.0358,-0.09036,-0.14866,0.23708
0.60729,-1.5576,-7.8025,-0.098726,-0.14205,0.23599
0.65781,-1.5458,-7.9799,-0.09509,-0.14925,0.23733
0.56297,-1.5804,-7.5179,-0.10601,-0.14012,0.23509
0.6413,-1.5412,-7.7513,-0.098775,-0.14806,0.23653
0.61524,-1.5959,-7.7821,-0.1006,-0.14646,0.23631
0.63666,-1.599,-7.9126,-0.097248,-0.15211,0.23721
0.52627,-1.6236,-7.7314,-0.10506,-0.13951,0.23591
0.5347,-1.5944,-7.4526,-0.1042,-0.13852,0.23567
0.54666,-1.5842,-7.4893,-0.10179,-0.14225,0.23593
0.53431,-1.6239,-7.505,-0.10326,-0.13974,0.23544
0.4572,-1.6494,-7.3606,-0.10784,-0.13317,0.23504
0.45457,-1.6101,-7.7254,-0.10243,-0.14053,0.23653
0.43244,-1.6021,-7.3007,-0.10618,-0.13137,0.23488
0.51838,-1.6284,-8.0044,-0.098544,-0.1423,0.23631
0.47179,-1.6036,-7.5484,-0.10409,-0.13492,0.2354
0.53493,-1.6145,-7.655,-0.10229,-0.13909,0.23578
0.49567,-1.6329,-7.4917,-0.10874,-0.13279,0.23466
0.56118,-1.5996,-7.5213,-0.10626,-0.13785,0.23535
0.57405,-1.5672,-7.4329,-0.10566,-0.14158,0.23558
0.58248,-1.5969,-7.4728,-0.1054,-0.14028,0.23544
0.63698,-1.6511,-7.9959,-0.10494,-0.14982,0.23692
0.59976,-1.6961,-8.2837,-0.10005,-0.15236,0.23734
0.5894,-1.6536,-8.3664,-0.099418,-0.14604,0.23662
0.58669,-1.6909,-8.2364,-0.10474,-0.14299,0.23692
0.61207,-1.6052,-8.3572,-0.098014,-0.15014,0.23723
0.59543,-1.6752,-8.7499,-0.094202,-0.15987,0.23898
0.47364,-1.7511,-8.5386,-0.10253,-0.14796,0.2383
0.44082,-1.7154,-8.2544,-0.10321,-0.14102,0.23713
0.47528,-1.7445,-8.0243,-0.10865,-0.14375,0.23732
0.55151,-1.71,-7.7313,-0.1077,-0.14742,0.23663
0.39502,-1.6859,-7.0772,-0.1148,-0.13161,0.23457
0.49558,-1.7288,-7.5978,-0.1143,-0.14328,0.23591
0.5049,-1.732,-7.2794,-0.1167,-0.14015,0.23526
0.44217,-1.7095,-7.0051,-0.11527,-0.13469,0.23491
0.4014,-1.7401,-7.0623,-0.11824,-0.13086,0.23498
0.45114,-1.7282,-7.1094,-0.11849,-0.13452,0.23408
0.42228,-1.7827,-6.9511,-0.12083,-0.12969,0.23428
0.38472,-1.8221,-7.4651,-0.12024,-0.13051,0.23493
0.40988,-1.8582,-7.7234,-0.12315,-0.13533,0.23521
0.52572,-1.8909,-7.8173,-0.12135,-0.14164,0.23485
0.48254,-1.9139,-7.7506,-0.12598,-0.13592,0.23462
0.44698,-1.8718,-7.7517,-0.12354,-0.13902,0.23561
0.51794,-1.8744,-7.9581,-0.12376,-0.14293,0.2358
0.51833,-1.8737,-7.6651,-0.12637,-0.13721,0.23493
0.44708,-1.8772,-7.4205,-0.12784,-0.13298,0.23501
0.45494,-1.8453,-7.4182,-0.12636,-0.13514,0.23483
0.44757,-1.8829,-7.4786,-0.12713,-0.13678,0.23503
0.39505,-1.863,-7.1149,-0.12772,-0.1323,0.23417
0.42297,-1.8614,-7.349,-0.12763,-0.13397,0.23491
0.31246,-1.7852,-6.6387,-0.12686,-0.12368,0.23296
0.30458,-1.8438,-7.2609,-0.13192,-0.13284,0.23461
0.27121,-1.7397,-6.2837,-0.12849,-0.11988,0.23264
0.21486,-1.7828,-6.525,-0.12918,-0.12277,0.23393
0.27569,-1.8173,-6.4995,-0.12744,-0.12287,0.23305
0.28387,-1.8145,-6.6012,-0.12882,-0.12672,0.23457
0.25438,-1.8014,-6.5,-0.13119,-0.12116,0.23314
0.32013,-1.8206,-6.8172,-0.13206,-0.13208,0.23408
0.2774,-1.8048,-6.3346,-0.13158,-0.12045,0.23233
0.26588,-1.8481,-6.318,-0.13239,-0.12295,0.23298
0.21604,-1.8141,-6.079,-0.13249,-0.11745,0.23184
0.1846,-1.7795,-5.8367,-0.13331,-0.11903,0.23208
0.15617,-1.8155,-5.8958,-0.13401,-0.11566,0.23248
0.20558,-1.8139,-5.8468,-0.13382,-0.119,0.23274
0.13329,-1.7515,-5.3953,-0.13182,-0.11111,0.23195
0.14483,-1.7824,-5.6079,-0.13305,-0.11525,0.23208
0.10485,-1.6709,-5.0681,-0.12978,-0.10925,0.23086
0.047146,-1.6717,-5.3579,-0.13154,-0.11067,0.23227
0.14274,-1.6789,-5.4774,-0.1291,-0.1144,0.23166
0.090697,-1.705,-5.5192,-0.13204,-0.11144,0.23201
0.10638,-1.7257,-5.9441,-0.13177,-0.1165,0.23291
0.17312,-1.7817,-6.3125,-0.13291,-0.11986,0.23282
0.13394,-1.8086,-6.2607,-0.13308,-0.11736,0.23288
0.19315,-1.8521,-6.6906,-0.13456,-0.12207,0.23307
0.17036,-1.8409,-6.4524,-0.13245,-0.12049,0.23305
0.16124,-1.9067,-6.5976,-0.13862,-0.12057,0.23329
0.1604,-1.9534,-6.3489,-0.14021,-0.11655,0.23226
0.1784,-1.902,-6.2852,-0.13833,-0.11884,0.23222
0.15543,-1.9372,-6.1603,-0.14199,-0.12002,0.23296
0.1823,-1.9357,-6.0142,-0.13988,-0.11552,0.23166
0.10656,-1.9229,-6.0824,-0.14338,-0.11573,0.23184
0.097597,-1.9053,-5.9056,-0.14234,-0.11344,0.23151
0.12491,-1.9517,-5.9057,-0.14205,-0.11247,0.23119
0.09921,-1.9519,-5.7935,-0.14638,-0.11359,0.23119
0.086249,-2.0451,-6.053,-0.1527,-0.11697,0.23192
0.085649,-2.0673,-6.0311,-0.15283,-0.11285,0.23107
0.10232,-2.1669,-6.2448,-0.16048,-0.11185,0.23075
0.079578,-2.1865,-6.1515,-0.1605,-0.11088,0.2305
0.091794,-2.2355,-6.2843,-0.16272,-0.10818,0.23015
0.065651,-2.2662,-6.3301,-0.16344,-0.10691,0.22975
0.057273,-2.2498,-6.2224,-0.1636,-0.10623,0.22984
0.0101,-2.2374,-6.1266,-0.16626,-0.10549,0.22932
0.029656,-2.2358,-6.0974,-0.16401,-0.10517,0.22942
0.02797,-2.2425,-6.0533,-0.16362,-0.10223,0.22912
0.027311,-2.2523,-6.0642,-0.1684,-0.1052,0.22941
0.062142,-2.3119,-6.408,-0.1733,-0.10943,0.22977
0.048836,-2.2694,-6.144,-0.16661,-0.10392,0.22934
0.091871,-2.3752,-6.4594,-0.17801,-0.10916,0.22947
0.1121,-2.2626,-6.1068,-0.16949,-0.10887,0.22943
0.041541,-2.276,-6.1101,-0.16964,-0.10561,0.22949
0.053481,-2.201,-5.9823,-0.16213,-0.1068,0.22996
0.035573,-2.2184,-5.8344,-0.16168,-0.10569,0.22955
-0.00081,-2.1712,-5.7986,-0.15912,-0.10457,0.22971
-0.073309,-2.1265,-5.5105,-0.15451,-0.101,0.23005
-0.089662,-2.1043,-5.6557,-0.15478,-0.10023,0.22924
-0.12847,-2.0729,-5.4103,-0.15086,-0.09909,0.2293
-0.10365,-2.1137,-5.7258,-0.15869,-0.097391,0.22892
-0.12608,-2.0523,-5.3966,-0.15151,-0.097302,0.2293
-0.15641,-2.0579,-5.5447,-0.15255,-0.095767,0.22916
-0.16719,-2.0718,-5.3555,-0.1531,-0.097038,0.2289
-0.1405,-2.0689,-5.543,-0.15503,-0.095421,0.22885
-0.13647,-2.0976,-5.7997,-0.15739,-0.093353,0.22864
-0.1505,-2.0357,-5.5374,-0.15311,-0.093785,0.22868
-0.18388,-2.0101,-5.5713,-0.15315,-0.090347,0.22844
-0.1712,-2.0063,-5.5845,-0.15534,-0.091383,0.22837
-0.18503,-1.9587,-5.3453,-0.14933,-0.093512,0.2287
-0.18577,-1.9986,-5.5618,-0.15506,-0.090058,0.22811
-0.23862,-1.8715,-5.2811,-0.14525,-0.089376,0.22846
-0.25597,-1.868,-5.1647,-0.14448,-0.089225,0.2284
-0.2798,-1.8249,-5.0206,-0.14053,-0.089572,0.22894
-0.26295,-1.7673,-4.8749,-0.13726,-0.090673,0.22929
-0.27677,-1.733,-4.5821,-0.13217,-0.093315,0.23011
-0.27159,-1.7582,-4.7981,-0.13569,-0.090664,0.22933
-0.30439,-1.7959,-5.0464,-0.13934,-0.08521,0.22814
-0.27271,-1.8011,-5.2666,-0.13819,-0.084548,0.22845
-0.25799,-1.7551,-4.9474,-0.13612,-0.088024,0.22899
-0.30739,-1.8196,-5.5442,-0.14033,-0.079753,0.2268
-0.3076,-1.7896,-5.2109,-0.13773,-0.083937,0.22793
-0.37091,-1.7844,-5.331,-0.13773,-0.078335,0.22728
-0.28054,-1.7437,-5.4164,-0.13512,-0.07992,0.22721
-0.31883,-1.6812,-5.0043,-0.1309,-0.085703,0.22838
-0.28738,-1.6512,-5.0494,-0.13093,-0.08729,0.22838
-0.29791,-1.7162,-5.7155,-0.13381,-0.071956,0.22563
-0.31402,-1.7102,-5.6497,-0.13107,-0.074695,0.22728
-0.24538,-1.5836,-4.4824,-0.12693,-0.09448,0.22995
-0.22183,-1.5944,-4.4722,-0.12588,-0.096214,0.22967
-0.19503,-1.565,-4.4642,-0.1242,-0.098753,0.23008
-0.19946,-1.5633,-4.4746,-0.12606,-0.0964,0.2303
-0.21807,-1.5392,-4.8829,-0.12225,-0.091114,0.22938
-0.25298,-1.6215,-5.1408,-0.12606,-0.084633,0.22842
-0.25305,-1.6157,-5.0335,-0.12383,-0.085175,0.22872
-0.21393,-1.5956,-4.7778,-0.1251,-0.09238,0.22908
-0.20808,-1.5779,-4.4467,-0.12722,-0.09875,0.22996
-0.22812,-1.6006,-4.7305,-0.12604,-0.094145,0.22958
-0.18896,-1.6294,-5.1219,-0.12482,-0.088126,0.22833
-0.18188,-1.6726,-5.8184,-0.12324,-0.080603,0.22723
-0.22279,-1.6572,-5.1757,-0.12724,-0.086069,0.22793
-0.19239,-1.6226,-4.4819,-0.12747,-0.094814,0.2299
-0.15637,-1.6058,-4.4686,-0.12714,-0.10025,0.22996
-0.17522,-1.5809,-4.6525,-0.12435,-0.096248,0.2298
-0.22742,-1.6591,-5.7189,-0.12396,-0.079662,0.2275
-0.13847,-1.5561,-4.386,-0.12515,-0.099345,0.2301
-0.11346,-1.5684,-4.3936,-0.12382,-0.099843,0.23002
-0.15157,-1.5662,-4.4881,-0.12659,-0.097835,0.23015
-0.1434,-1.6064,-5.2015,-0.12536,-0.089218,0.2291
-0.11656,-1.5571,-4.439,-0.12537,-0.099575,0.22978
-0.12817,-1.5943,-4.9239,-0.12335,-0.0939,0.22875
-0.091058,-1.5849,-4.4406,-0.12448,-0.099113,0.22994
-0.1397,-1.603,-4.887,-0.1253,-0.093091,0.22929
-0.081407,-1.5649,-4.4099,-0.12386,-0.099537,0.23006
-0.13995,-1.601,-5.2842,-0.12247,-0.090336,0.22836
-0.093957,-1.5815,-4.4877,-0.12453,-0.099217,0.2301
-0.099487,-1.54,-4.4874,-0.12358,-0.10074,0.23034
-0.10711,-1.5958,-5.0848,-0.12219,-0.091202,0.22919
-0.095179,-1.5724,-4.6888,-0.1238,-0.098861,0.22967
-0.099051,-1.5941,-5.1754,-0.12142,-0.094172,0.2293
-0.15954,-1.584,-4.8407,-0.12349,-0.094219,0.22952
-0.091944,-1.6615,-5.6513,-0.1212,-0.091579,0.22909
-0.14802,-1.5207,-4.4934,-0.1259,-0.098819,0.22966
-0.1363,-1.5473,-4.5977,-0.12375,-0.097718,0.22995
-0.15751,-1.5842,-5.1455,-0.12195,-0.092447,0.22926
-0.13219,-1.6506,-5.5348,-0.12381,-0.0905,0.22914
-0.15325,-1.6516,-5.9752,-0.11902,-0.084556,0.22823
-0.12392,-1.5859,-4.5499,-0.12571,-0.098405,0.23009
-0.12356,-1.5668,-4.5195,-0.12487,-0.098612,0.23021
-0.13093,-1.5612,-4.6661,-0.12536,-0.098588,0.23001
-0.1136,-1.55,-4.5346,-0.12412,-0.099564,0.23027
-0.080724,-1.5592,-4.5379,-0.1262,-0.10232,0.2301
-0.096669,-1.6018,-5.1055,-0.12162,-0.096864,0.23016
-0.13755,-1.6186,-5.8097,-0.11683,-0.092501,0.22971
-0.15174,-1.6062,-5.3778,-0.12139,-0.095392,0.22994
-0.11016,-1.5899,-5.4016,-0.11833,-0.096078,0.22978
-0.12641,-1.6075,-5.4048,-0.11879,-0.094089,0.23015
-0.11972,-1.605,-5.4596,-0.11781,-0.093102,0.22982
-0.13255,-1.5553,-5.2092,-0.1205,-0.0951,0.23023
-0.097199,-1.5616,-5.2424,-0.11652,-0.09523,0.23028
-0.11411,-1.5965,-5.1545,-0.12002,-0.094684,0.22996
-0.10283,-1.5892,-4.9283,-0.1224,-0.09622,0.23045
-0.088678,-1.5582,-5.695,-0.11472,-0.095399,0.23064
-0.12619,-1.5596,-4.99,-0.12201,-0.096624,0.23043
-0.10818,-1.5308,-4.5063,-0.12225,-0.098198,0.23031
-0.12952,-1.51,-4.5368,-0.12394,-0.098619,0.23051
-0.12725,-1.5214,-4.5116,-0.1259,-0.099612,0.23057
-0.1337,-1.5509,-4.9588,-0.12216,-0.096254,0.2303
-0.12044,-1.5203,-4.6463,-0.12344,-0.097436,0.23027
-0.12869,-1.534,-4.4981,-0.12527,-0.098172,0.2306
-0.13366,-1.5366,-4.4674,-0.12439,-0.098205,0.23061
-0.13404,-1.5454,-4.4828,-0.12506,-0.09857,0.23078
-0.13025,-1.5385,-4.4964,-0.12642,-0.098848,0.23051
-0.063342,-1.5976,-5.3823,-0.12323,-0.09848,0.23002
-1.6286,1.4488,-16.355,0.4528,0.063689,0.19025
-0.16716,-2.3267,-11.027,-0.20165,-0.074076,0.22414
-0.24696,-1.4513,-4.3583,-0.12125,-0.093852,0.23101
-0.27182,-1.1341,-4.6024,-0.10814,-0.091172,0.23126
-0.21437,-0.93675,-4.6332,-0.093531,-0.091115,0.22905
-0.32211,-0.71507,-6.9247,-0.00961,-0.074476,0.22204
-0.18519,-0.86925,-5.9502,-0.039225,-0.086397,0.22615
-0.043426,-1.163,-5.0089,-0.090021,-0.099328,0.22972
-0.075712,-1.139,-5.0455,-0.091841,-0.099836,0.22954
-0.11136,-1.0617,-5.172,-0.092389,-0.099875,0.22814
-0.14589,-1.1048,-5.1565,-0.097618,-0.10027,0.22903
-0.1151,-1.1041,-5.2815,-0.09208,-0.10245,0.22916
-0.12331,-1.1945,-5.1173,-0.10016,-0.10257,0.23001
-0.082652,-1.2194,-5.023,-0.10386,-0.1026,0.2301
-0.111,-1.1692,-4.9619,-0.10747,-0.10181,0.23057
-0.11264,-1.2666,-4.7632,-0.11478,-0.10113,0.23016
-0.15187,-1.3568,-4.5415,-0.12064,-0.098201,0.23111
-0.14188,-1.4157,-4.4799,-0.12091,-0.098352,0.23137
-0.17556,-1.426,-4.4874,-0.12146,-0.09799,0.23134
-0.17994,-1.4221,-4.4648,-0.1209,-0.096481,0.23101
-0.39101,-0.91836,-4.8,-0.084052,-0.087637,0.23024
-0.22056,-1.2784,-4.5119,-0.11709,-0.096164,0.23051
-0.3555,-1.2291,-4.4577,-0.12171,-0.094796,0.23095
-0.23763,-1.2938,-4.9113,-0.10592,-0.09266,0.23107
-0.18558,-1.2764,-4.5472,-0.11378,-0.096036,0.23111
-0.18312,-1.3678,-4.7877,-0.10719,-0.093926,0.23174
-0.12851,-1.4256,-4.531,-0.12106,-0.098777,0.23065
-0.14531,-1.4345,-4.5398,-0.12092,-0.098942,0.23101
-0.11992,-1.4378,-4.6088,-0.12102,-0.099287,0.23083
-0.13606,-1.4631,-4.515,-0.1231,-0.09854,0.23075
-0.15437,-1.4576,-4.4415,-0.12075,-0.09697,0.23111
-0.17681,-1.41,-4.4805,-0.12125,-0.097131,0.23128
-0.18791,-1.4157,-4.4947,-0.12063,-0.097247,0.23091
-0.20016,-1.41,-4.5648,-0.12126,-0.096482,0.23082
-0.17126,-1.4248,-4.494,-0.12159,-0.097408,0.23087
-0.1593,-1.4362,-4.4871,-0.12169,-0.097603,0.23116
-0.17609,-1.4271,-4.4714,-0.12146,-0.097633,0.23113
-0.15577,-1.4286,-4.5092,-0.1214,-0.098023,0.23092
-0.14512,-1.442,-4.4704,-0.12292,-0.097927,0.23108
-0.14518,-1.4782,-4.4777,-0.12316,-0.098248,0.2311
-0.095888,-1.4962,-4.4156,-0.12142,-0.09842,0.23087
-0.13973,-1.4703,-4.493,-0.12257,-0.098235,0.23095
-0.11846,-1.4815,-4.4767,-0.12295,-0.098338,0.2308
-0.13012,-1.5119,-4.4762,-0.12411,-0.098002,0.23076
-0.15072,-1.5288,-4.4471,-0.12426,-0.097658,0.23126
-0.14079,-1.5123,-4.5158,-0.12419,-0.098397,0.23111
0.16942,-2.3619,-9.7725,-0.22486,-0.15194,0.23476
-0.22594,-1.9909,-9.3849,-0.12498,-0.057145,0.22509
-0.35106,-1.5877,-7.7776,-0.10127,-0.059733,0.22713
-0.26267,-1.609,-5.78,-0.13775,-0.094024,0.22923
-0.34933,-1.4543,-5.9144,-0.10231,-0.069278,0.22826
-0.32814,-1.3561,-4.7283,-0.10524,-0.082023,0.23096
-0.26025,-1.3555,-4.5768,-0.10995,-0.087761,0.23004
-0.31337,-1.3147,-4.4985,-0.11639,-0.092093,0.23
-0.39472,-1.2788,-4.7168,-0.10482,-0.08166,0.22987
-0.37368,-1.2651,-5.0119,-0.097571,-0.075991,0.2292
-0.43262,-1.3687,-5.869,-0.10258,-0.068699,0.22851
-0.40586,-1.2274,-5.0261,-0.098603,-0.076351,0.22911
-0.43789,-1.1482,-4.7698,-0.096802,-0.076986,0.2291
-0.44267,-1.1264,-4.7712,-0.094827,-0.077434,0.22936
-0.48281,-1.11,-4.8272,-0.087708,-0.072423,0.2295
-0.47098,-1.0744,-4.8482,-0.08316,-0.069987,0.2296
-0.45401,-1.0276,-4.8602,-0.084687,-0.072899,0.22966
-0.47166,-1.0012,-4.9387,-0.082534,-0.072075,0.22936
-0.4445,-0.97129,-4.9465,-0.082793,-0.072613,0.22946
-0.40114,-0.96087,-4.9399,-0.078886,-0.072061,0.22902
-0.42176,-0.97491,-4.9263,-0.078712,-0.073127,0.22992
-0.38976,-0.94828,-5.0007,-0.07468,-0.072109,0.2302
-0.38017,-0.91749,-5.1611,-0.075688,-0.07312,0.22986
-0.39885,-0.91585,-5.0517,-0.072831,-0.074425,0.22978
-0.40454,-0.85885,-4.9313,-0.06921,-0.074394,0.23032
-0.4039,-0.83002,-4.908,-0.06829,-0.074777,0.2303
-0.36673,-0.80091,-5.0436,-0.065881,-0.073651,0.23047
-0.3846,-0.80524,-5.0276,-0.06398,-0.073909,0.23026
-0.37058,-0.79441,-5.0107,-0.064026,-0.075536,0.23034
-0.3914,-0.81102,-5.0124,-0.062534,-0.075067,0.23054
-0.39768,-0.76358,-4.9969,-0.061683,-0.075167,0.23044
-0.38587,-0.77982,-5.0597,-0.061673,-0.075086,0.23057
-0.38624,-0.77846,-5.1001,-0.059126,-0.075383,0.23078
-0.34829,-0.81171,-5.1494,-0.064462,-0.078914,0.23112
-0.2972,-0.86618,-5.2062,-0.068036,-0.081639,0.23091
-0.23886,-0.89534,-5.1573,-0.070869,-0.083661,0.23118
-0.20593,-0.88228,-5.2153,-0.072302,-0.088172,0.23155
-0.17562,-0.93871,-5.1497,-0.077093,-0.089249,0.23152
-0.12326,-0.95777,-5.2531,-0.082529,-0.093471,0.23198
-0.098216,-1.0066,-5.3041,-0.084427,-0.094435,0.23159
-0.09206,-1.1282,-4.7477,-0.11018,-0.099592,0.23101
-0.078635,-1.1494,-4.4882,-0.11422,-0.10035,0.23089
-0.08788,-1.2201,-4.5035,-0.11542,-0.09986,0.23091
-0.057177,-1.3089,-4.494,-0.11825,-0.10028,0.23096
-0.12469,-1.3999,-4.486,-0.12009,-0.099055,0.231
-0.13319,-1.4204,-4.4943,-0.12184,-0.098266,0.23114
-0.15292,-1.4884,-4.4866,-0.1234,-0.097567,0.23125
-0.19902,-1.5016,-4.4698,-0.12472,-0.097118,0.23107
-0.16105,-1.568,-4.4691,-0.12572,-0.097206,0.23102
-0.17496,-1.6087,-4.4373,-0.12734,-0.097087,0.23106
-0.14612,-1.6508,-4.5382,-0.12605,-0.097481,0.23098
-0.12267,-1.6377,-4.4996,-0.12593,-0.09759,0.231
-0.17904,-1.6189,-4.4823,-0.12795,-0.097727,0.23092
-0.17256,-1.6014,-4.4056,-0.12689,-0.097854,0.23106
-0.14436,-1.5723,-4.4229,-0.12448,-0.097196,0.23094
-0.18078,-1.5705,-4.4764,-0.12582,-0.09682,0.23084
-0.16783,-1.5807,-4.5321,-0.12367,-0.096795,0.23091
-0.17401,-1.5635,-4.4248,-0.12352,-0.09586,0.23096
-0.18483,-1.5408,-4.4327,-0.12266,-0.096323,0.23103
-0.16379,-1.5044,-4.47,-0.12458,-0.097414,0.23111
-0.14679,-1.5127,-4.4712,-0.1233,-0.097534,0.2313
-0.11947,-1.5048,-4.4458,-0.12225,-0.098412,0.23081
-0.11196,-1.5042,-4.4691,-0.12202,-0.098868,0.23091
-0.13057,-1.4876,-4.5075,-0.1236,-0.09869,0.23093
-0.13894,-1.4925,-4.4373,-0.12372,-0.098762,0.23092
-0.13407,-1.4712,-4.4763,-0.12361,-0.098749,0.23091
-0.18976,-2.0942,-11.726,-0.21712,-0.14233,0.23865
0.093963,-2.1957,-9.6188,-0.20266,-0.14947,0.23586
0.12561,-2.0344,-8.4366,-0.18018,-0.14495,0.23523
0.10268,-1.8193,-5.5176,-0.14247,-0.11474,0.23193
0.1461,-1.8738,-6.0061,-0.14897,-0.12136,0.23241
0.16356,-1.824,-5.9633,-0.14666,-0.12523,0.23219
0.12922,-1.7499,-4.8554,-0.13551,-0.11041,0.23114
0.13755,-1.7689,-5.3774,-0.14767,-0.1225,0.23263
0.12023,-1.7188,-5.1038,-0.13934,-0.11716,0.23158
0.10603,-1.7239,-5.1352,-0.13938,-0.11854,0.23213
0.08952,-1.6745,-5.1674,-0.13815,-0.11761,0.23197
0.060087,-1.6376,-4.8492,-0.13435,-0.10973,0.23125
-0.005328,-1.6492,-4.9718,-0.13671,-0.11072,0.23154
0.036634,-1.6613,-5.011,-0.13479,-0.11099,0.23142
-0.013294,-1.6791,-4.9154,-0.1325,-0.1065,0.23132
-0.070023,-1.6589,-4.6113,-0.12713,-0.099916,0.2305
-0.10199,-1.6067,-4.4832,-0.12498,-0.098053,0.23071
-0.17968,-1.5789,-4.4535,-0.12387,-0.096662,0.23068
-0.18065,-1.5571,-4.4697,-0.12354,-0.096198,0.23065
-0.20474,-1.5349,-4.5393,-0.12479,-0.095608,0.23056
-0.19369,-1.5648,-4.4614,-0.12496,-0.096206,0.23072
-0.18058,-1.5515,-4.4309,-0.12424,-0.096924,0.23094
-0.17067,-1.5221,-4.4608,-0.12421,-0.09731,0.23071
-0.15718,-1.5237,-4.4986,-0.12519,-0.097396,0.23054
-0.15922,-1.5254,-4.4384,-0.12423,-0.097143,0.23086
-0.17223,-1.5089,-4.4454,-0.1238,-0.097465,0.23071
-0.14103,-1.5197,-4.4215,-0.12388,-0.097203,0.23043
-0.13329,-1.497,-4.4,-0.12368,-0.097262,0.23085
-0.15134,-1.4769,-4.4913,-0.12344,-0.098289,0.23065
-0.077297,-1.4657,-4.5533,-0.12124,-0.098954,0.23037
-0.11488,-1.4644,-4.4536,-0.12191,-0.098879,0.23085
-0.11279,-1.416,-4.5163,-0.1209,-0.099216,0.23094
-0.075898,-1.4036,-4.4923,-0.12018,-0.099781,0.23072
-0.024288,-1.3909,-4.5694,-0.11819,-0.10048,0.23044
-0.076307,-1.3742,-4.546,-0.11956,-0.1006,0.2307
0.22935,-1.2069,-4.6372,-0.094429,-0.12594,0.22791
-0.13664,-1.4106,-4.53,-0.12004,-0.099218,0.23039
-0.072542,-1.3461,-4.4495,-0.11887,-0.099909,0.23156
0.24882,-1.4775,-4.3194,-0.14868,-0.17085,0.2446
0.009148,-1.4751,-4.5397,-0.12231,-0.10512,0.23067
0.055907,-1.4844,-4.5328,-0.12403,-0.10378,0.23061
0.045595,-1.4163,-4.5271,-0.12255,-0.10613,0.23166
0.08626,-1.482,-4.5289,-0.12732,-0.11354,0.2329
0.14591,-1.5916,-5.6798,-0.12084,-0.114,0.2326
0.13825,-1.696,-4.9641,-0.12979,-0.10117,0.23164
0.23468,-1.6304,-5.5805,-0.1238,-0.11909,0.23275
0.16127,-1.5983,-5.1779,-0.12676,-0.11319,0.23177
1.4462,0.92761,-7.4721,0.24652,-0.33831,0.19147
0.36962,-1.8138,-6.3527,-0.14668,-0.12729,0.23261
0.1968,-1.3472,-4.427,-0.12034,-0.10785,0.23172
0.34488,-1.423,-4.5141,-0.13068,-0.11787,0.23212
0.30995,-1.182,-4.4197,-0.11335,-0.1145,0.23055
0.48722,-0.95721,-4.5743,-0.059113,-0.15418,0.2251
0.45119,-1.1056,-4.468,-0.086955,-0.13765,0.22836
0.52557,-1.0422,-4.5285,-0.080981,-0.14798,0.22811
0.47603,-1.1662,-4.5513,-0.10216,-0.14183,0.23095
0.48878,-1.1911,-4.6377,-0.098475,-0.14586,0.22994
0.46566,-1.2162,-4.6793,-0.096473,-0.14146,0.22916
0.38715,-1.253,-4.6419,-0.099207,-0.13837,0.22913
0.3106,-1.37,-4.6498,-0.1131,-0.13056,0.23078
0.20923,-1.5333,-4.8641,-0.12259,-0.11177,0.22984
0.33563,-2.0103,-7.6082,-0.1515,-0.12555,0.23219
0.2726,-1.75,-5.7957,-0.1309,-0.12293,0.22806
0.22856,-1.8994,-6.6456,-0.14029,-0.1265,0.22936
0.19386,-1.935,-6.0511,-0.14957,-0.11634,0.23049
0.12836,-1.9912,-6.0421,-0.15254,-0.11376,0.23199
0.049436,-1.9403,-5.6711,-0.14749,-0.11063,0.23102
0.080709,-1.9982,-5.1172,-0.15708,-0.12227,0.23306
-0.020599,-2.0191,-5.7812,-0.15359,-0.10254,0.22987
-0.002363,-2.0683,-5.7221,-0.15079,-0.10243,0.23031
0.008113,-2.1224,-6.2378,-0.15904,-0.10228,0.23005
-0.002223,-2.1346,-5.7867,-0.15777,-0.1047,0.23054
0.020081,-2.1038,-5.791,-0.16018,-0.10511,0.22993
0.000876,-2.0679,-5.8425,-0.15654,-0.10234,0.22995
0.032152,-2.0973,-5.7909,-0.159,-0.10718,0.23038
0.013176,-2.0912,-6.1434,-0.15832,-0.10285,0.22978
-0.006411,-2.1097,-6.4005,-0.15985,-0.10083,0.22961
-0.01628,-2.1138,-6.3751,-0.15943,-0.10154,0.22924
0.029596,-2.1041,-6.585,-0.15912,-0.1023,0.22938
0.044794,-2.0856,-6.478,-0.15821,-0.10286,0.22985
0.017104,-2.0767,-6.4876,-0.15695,-0.10091,0.22963
-0.016249,-1.9757,-6.3833,-0.14998,-0.10013,0.22969
-0.092003,-1.8962,-6.1266,-0.14291,-0.095991,0.2296
-0.1375,-1.7934,-5.9984,-0.13824,-0.095285,0.22984
-0.16157,-1.7358,-5.97,-0.13575,-0.093649,0.22971
-0.14708,-1.7502,-5.8135,-0.13316,-0.096311,0.22991
-0.20121,-1.7029,-5.4022,-0.13462,-0.097286,0.23056
-0.21484,-1.6384,-4.9717,-0.12868,-0.096729,0.23083
-0.27643,-1.5036,-4.5499,-0.12321,-0.094076,0.23077
-0.29752,-1.9153,-5.5159,-0.18702,-0.080107,0.22511
-0.52178,-1.9162,-5.8315,-0.15525,-0.038146,0.22048
-0.88616,-1.7281,-6.382,-0.10129,-0.011347,0.22047
-0.83539,-1.5115,-5.0356,-0.11029,-0.064128,0.22853
-1.1115,-1.4731,-5.3422,-0.10779,-0.012187,0.222
-1.1922,-1.7537,-5.2082,-0.15454,-0.002557,0.21847
-1.0359,-1.6764,-4.8969,-0.13828,-0.029246,0.22209
-1.1237,-1.5194,-4.9116,-0.11695,-0.015773,0.22134
-1.0338,-1.5063,-4.7654,-0.12035,-0.026187,0.22303
-1.0119,-1.5216,-4.6511,-0.12972,-0.025684,0.22253
-0.91655,-1.5687,-4.7494,-0.1326,-0.035946,0.2231
-0.76149,-1.4884,-4.6844,-0.11863,-0.066674,0.22968
-0.31673,-2.0066,-6.7257,-0.13076,-0.090399,0.22937
-0.38092,-1.9563,-6.6542,-0.11621,-0.058936,0.22584
-0.21825,-1.8178,-6.7818,-0.10434,-0.076972,0.2303
0.000949,-1.9612,-7.6887,-0.092563,-0.078094,0.23044
0.15782,-1.9276,-7.0374,-0.1101,-0.10017,0.23311
0.24632,-1.8773,-7.332,-0.091905,-0.10185,0.23514
0.29419,-1.6506,-6.4283,-0.093077,-0.11292,0.23558
0.3004,-1.5885,-6.5284,-0.092018,-0.1167,0.2363
0.39558,-1.5998,-6.8539,-0.081199,-0.12134,0.23806
0.51025,-1.6333,-6.8339,-0.087035,-0.12434,0.23829
0.53365,-1.6459,-7.2079,-0.081256,-0.12585,0.23833
0.49452,-1.6096,-6.9562,-0.083927,-0.12604,0.23793
0.494,-1.582,-7.082,-0.077649,-0.12727,0.23793
0.54822,-1.6579,-7.4899,-0.073155,-0.12766,0.23853
0.59316,-1.7412,-7.8353,-0.07476,-0.12805,0.23772
0.63953,-1.8421,-8.3802,-0.071528,-0.12946,0.23809
0.72921,-1.8951,-8.4901,-0.071311,-0.13776,0.23461
0.77275,-2.0075,-8.8914,-0.070633,-0.13721,0.2337
0.7617,-2.0394,-8.9722,-0.068141,-0.13508,0.2295
0.70229,-2.0909,-8.9672,-0.072484,-0.13095,0.22763
0.68393,-2.1172,-9.1021,-0.072197,-0.12932,0.22588
0.66877,-2.1634,-9.0997,-0.07207,-0.1288,0.22514
0.62742,-2.1834,-9.3139,-0.0684,-0.12437,0.22465
0.6645,-2.1906,-9.5591,-0.066463,-0.12094,0.22445
0.63604,-2.2698,-9.7921,-0.061727,-0.11763,0.22506
0.66919,-2.2776,-10.116,-0.056517,-0.11428,0.22485
0.71581,-2.3298,-10.479,-0.050111,-0.11231,0.22496
0.69925,-2.33,-10.522,-0.046624,-0.10912,0.22454
0.69661,-2.2853,-10.548,-0.040428,-0.10817,0.22414
0.67305,-2.1957,-10.302,-0.03565,-0.10416,0.22518
0.67521,-2.0783,-9.8867,-0.034633,-0.10338,0.22569
0.68114,-2.0173,-9.6248,-0.019124,-0.098213,0.22684
0.74259,-1.9837,-9.5494,-0.010858,-0.094445,0.22923
0.73834,-1.9092,-9.3128,-0.002635,-0.088399,0.23154
0.70741,-1.7799,-8.4138,0.009055,-0.0791,0.23391
0.58074,-1.0399,-7.9845,0.038936,-0.10955,0.22417
0.028682,-0.76535,-5.1575,-0.055306,-0.11199,0.22909
0.67326,-1.2999,-7.8478,-0.038406,-0.15894,0.25578
0.2693,-1.4406,-12.952,0.008563,-0.097649,0.24907
0.29706,-2.0166,-12.363,-0.070128,-0.10297,0.24473
-0.12238,-1.5345,-10.327,-0.069097,-0.083349,0.2282
-0.097614,-2.0176,-16.166,-0.013113,-0.044116,0.22998
0.15366,-2.7257,-15.668,-0.089358,-0.068412,0.22615
0.074296,-2.668,-15.71,-0.089211,-0.066298,0.22843
-0.11898,-2.3221,-13.022,-0.095761,-0.066463,0.22094
-0.25271,-2.1516,-12.818,-0.092723,-0.062416,0.22304
-0.15218,-2.0786,-12.313,-0.092388,-0.072647,0.22592
-0.12462,-1.9539,-12.171,-0.088358,-0.069591,0.22987
-0.059071,-1.7811,-11.948,-0.083393,-0.080585,0.23289
0.011713,-1.6403,-11.074,-0.081578,-0.090025,0.23616
0.10806,-1.5165,-11.239,-0.078259,-0.096936,0.24007
0.24747,-1.4466,-11.528,-0.073527,-0.10343,0.24361
0.41504,-1.44,-11.994,-0.068818,-0.10666,0.24559
0.61804,-1.4848,-12.764,-0.06551,-0.1129,0.24699
0.78706,-1.5236,-13.334,-0.064153,-0.12099,0.24779
0.91961,-1.5744,-13.973,-0.061369,-0.12338,0.2486
0.98209,-1.5691,-14.399,-0.059312,-0.12334,0.24769
1.0305,-1.573,-14.46,-0.055159,-0.12083,0.24618
1.0892,-1.5727,-14.449,-0.050507,-0.12,0.24419
1.149,-1.53,-14.141,-0.045647,-0.1106,0.23919
1.1511,-1.5157,-13.827,-0.042989,-0.10111,0.23506
1.1741,-1.5236,-13.857,-0.038663,-0.094356,0.23221
1.2021,-1.6197,-13.963,-0.037617,-0.090815,0.23034
1.298,-1.7184,-14.441,-0.039202,-0.089593,0.22904
1.3022,-1.887,-15.122,-0.040587,-0.089849,0.22662
1.2896,-2.04,-15.875,-0.04281,-0.091078,0.22323
1.2791,-2.1892,-16.46,-0.045426,-0.094212,0.21921
1.204,-2.2626,-16.861,-0.048599,-0.096196,0.21373
1.115,-2.3612,-17.087,-0.054051,-0.099464,0.20546
0.88604,-2.497,-17.152,-0.058026,-0.092982,0.19725
0.6371,-2.5821,-17.297,-0.061387,-0.082526,0.19233
0.34654,-2.7052,-17.311,-0.069738,-0.067926,0.19113
0.11132,-2.8276,-17.573,-0.076216,-0.055901,0.19249
-0.14312,-2.9985,-18.041,-0.080289,-0.044806,0.19506
-0.36284,-3.0956,-18.529,-0.080967,-0.030337,0.19494
-0.58457,-3.1455,-18.94,-0.081537,-0.017264,0.19557
-0.73757,-3.1737,-19.332,-0.080396,-0.009788,0.19856
-0.79741,-3.1569,-19.595,-0.077717,-0.00365,0.20224
-0.98091,-3.1603,-19.695,-0.0636,-0.006959,0.19987
-1.1654,-3.2161,-19.541,-0.057536,-0.00912,0.19842
-1.2932,-3.076,-19.203,-0.052813,-0.011658,0.20794
-1.3794,-2.9069,-18.86,-0.038379,-0.025174,0.21642
-1.4806,-2.8394,-18.724,-0.02976,-0.031147,0.22031
-1.5543,-2.8066,-18.654,-0.023066,-0.035181,0.221
-1.713,-2.9174,-18.898,-0.011263,-0.047125,0.22231
-1.8485,-3.0986,-19.228,-0.002531,-0.056626,0.22387
-2.0252,-3.2848,-19.414,0.006163,-0.066328,0.22422
-2.2197,-3.4399,-19.766,0.009736,-0.076136,0.22393
-2.349,-3.6359,-20.054,0.01149,-0.084596,0.22287
-2.3227,-3.6111,-20.245,0.00955,-0.089665,0.22363
-2.1436,-3.5006,-20.339,0.000595,-0.089413,0.22639
-1.7333,-3.3148,-20.537,-0.013284,-0.083608,0.23018
-1.262,-3.1079,-20.653,-0.028918,-0.074011,0.23394
-0.80217,-2.9373,-20.765,-0.039481,-0.064761,0.23621
-0.40262,-2.6742,-20.96,-0.061507,-0.058126,0.23788
-0.10307,-2.6375,-21.42,-0.062368,-0.063604,0.23509
0.15949,-2.645,-21.791,-0.061301,-0.073484,0.237
0.43672,-2.637,-21.869,-0.058581,-0.090123,0.24344
0.63481,-2.6528,-22.052,-0.055876,-0.10259,0.24763
0.77002,-2.4905,-22.017,-0.054357,-0.11196,0.25087
0.98539,-2.1722,-21.757,-0.055433,-0.10387,0.25473
1.2458,-1.9102,-21.536,-0.061728,-0.11628,0.25545
1.3962,-1.6981,-21.334,-0.069371,-0.10842,0.25339
1.6004,-1.5245,-21.235,-0.070986,-0.11863,0.25049
1.7837,-1.5129,-21.442,-0.072998,-0.12167,0.25047
2.0873,-1.5843,-21.657,-0.070704,-0.11532,0.24713
2.3396,-1.7726,-22.166,-0.066107,-0.10738,0.24876
2.4638,-2.0269,-22.592,-0.053449,-0.096175,0.24777
2.4111,-2.2901,-23.06,-0.055148,-0.088236,0.24438
2.1338,-2.5282,-23.438,-0.05943,-0.084792,0.23978
1.7076,-2.728,-23.656,-0.065429,-0.082833,0.23509
1.3484,-2.8398,-23.799,-0.071868,-0.078954,0.23244
1.0522,-2.9288,-23.878,-0.076527,-0.075706,0.23091
0.81032,-3.0471,-24.055,-0.0862,-0.073189,0.22968
0.47535,-3.1171,-24.057,-0.096758,-0.068356,0.22874
0.21327,-3.1699,-24.073,-0.11146,-0.066348,0.2264
0.017242,-3.2377,-24.255,-0.12762,-0.06589,0.22345
-0.088105,-3.2464,-24.372,-0.14333,-0.065339,0.22364
-0.18369,-3.2225,-24.554,-0.15936,-0.066812,0.22492
-0.27537,-3.1437,-24.711,-0.16993,-0.066297,0.22664
-0.37886,-2.9458,-24.765,-0.18328,-0.067274,0.22845
-0.45192,-2.8413,-24.807,-0.19794,-0.068511,0.22943
-0.54299,-2.6583,-24.77,-0.20784,-0.069804,0.23157
-0.67408,-2.5204,-24.661,-0.21624,-0.073537,0.23377
-0.74803,-2.3489,-24.65,-0.2225,-0.075169,0.23606
-0.81509,-2.2235,-24.611,-0.22937,-0.074975,0.23905
-0.94517,-2.084,-24.553,-0.22938,-0.070607,0.24293
-1.0695,-1.9962,-24.443,-0.22393,-0.063228,0.24613
-1.2043,-1.9881,-24.291,-0.2144,-0.05038,0.24819
-1.4366,-1.9937,-24.002,-0.19795,-0.033966,0.2536
-1.581,-1.9975,-23.559,-0.18769,-0.039852,0.2566
-2.0241,-1.8168,-23.429,-0.20343,-0.071171,0.26741
-2.2917,-1.6859,-23.374,-0.20845,-0.095659,0.27582
-2.6305,-1.4389,-23.552,-0.22183,-0.13236,0.27472
-3.2133,-1.1978,-23.539,-0.2525,-0.18956,0.28122
-3.5051,-1.0012,-23.689,-0.27346,-0.23806,0.29171
-3.5931,-0.95407,-24.027,-0.28602,-0.27949,0.29885
-3.5254,-1.052,-24.001,-0.28942,-0.30755,0.30098
-3.3683,-1.3459,-24.071,-0.27905,-0.32013,0.29959
-3.0255,-1.7816,-24.07,-0.24519,-0.31644,0.29588
-2.6546,-1.9925,-23.973,-0.21767,-0.29861,0.29141
-2.2249,-2.0487,-23.844,-0.20414,-0.27245,0.28577
-1.8079,-2.1523,-23.72,-0.18873,-0.23697,0.2786
-1.3045,-2.2261,-23.497,-0.1697,-0.19892,0.27032
-0.78321,-2.4308,-23.283,-0.14593,-0.16566,0.26332
-0.33702,-2.7096,-23.21,-0.11636,-0.14052,0.25455
-0.009941,-2.8483,-23.049,-0.093318,-0.11638,0.24636
0.25328,-2.8836,-22.819,-0.081341,-0.094743,0.23842
0.44306,-2.8147,-22.56,-0.077049,-0.087724,0.23657
0.55019,-2.6872,-22.676,-0.086896,-0.10511,0.23242
0.60522,-2.5058,-22.434,-0.10488,-0.11768,0.22739
0.69145,-2.2947,-22.781,-0.12164,-0.15153,0.22033
0.77071,-2.1902,-21.42,-0.13715,-0.16274,0.21676
0.8943,-1.805,-21.16,-0.12585,-0.15895,0.21448
1.3566,-2.0335,-22.776,-0.1413,-0.14608,0.21174
1.9681,-2.1322,-24.041,-0.17117,-0.15117,0.20706
2.5916,-2.5102,-24.953,-0.17891,-0.11497,0.19671
3.0521,-2.7627,-25.433,-0.1639,-0.076296,0.18594
3.0781,-2.893,-25.978,-0.15734,-0.034383,0.17885
3.1833,-3.1579,-26.668,-0.15793,-0.036518,0.17514
3.0974,-3.29,-26.461,-0.14496,-0.017407,0.17301
2.8843,-3.3677,-26.419,-0.12786,0.00458,0.17415
2.5757,-3.3533,-26.66,-0.12031,0.019613,0.17758
2.2033,-3.3703,-27.169,-0.12279,0.024588,0.1803
1.7416,-3.2051,-27.512,-0.13489,0.019335,0.18461
1.2771,-2.9549,-27.627,-0.14834,0.008844,0.18968
0.93276,-2.7825,-27.483,-0.14624,0.00598,0.19597
0.62138,-2.682,-27.369,-0.14175,0.002694,0.20195
0.3125,-2.568,-27.039,-0.1419,-0.00099,0.20661
0.047805,-2.4415,-26.741,-0.13562,0.002664,0.21066
-0.018384,-2.4422,-26.859,-0.13328,0.022752,0.21314
-0.1248,-2.354,-27.121,-0.13033,0.038077,0.21375
-0.25122,-2.2936,-26.491,-0.12587,0.057541,0.21325
-0.26749,-2.2432,-25.567,-0.11907,0.065843,0.21207
-0.42423,-2.1138,-25.662,-0.10967,0.08641,0.2114
-0.58293,-2.0844,-24.743,-0.1078,0.094795,0.20845
-0.76041,-2.02,-24.137,-0.099225,0.10058,0.20782
0.51779,-5.656,-27.279,0.000258,0.10997,0.20763
0.92712,-6.2667,-35.08,0.11225,0.16636,0.21008
0.84582,-5.2276,-29.502,0.12967,0.18531,0.2072
1.7408,-5.6394,-33.537,0.14035,0.13069,0.21188
1.6505,-4.9139,-34.157,0.077311,0.15371,0.21533
1.8198,-4.0693,-29.879,0.06213,0.1319,0.21278
2.1861,-3.6361,-28.396,0.048779,0.12577,0.21524
2.5907,-3.3703,-28.478,0.042823,0.1466,0.22172
3.1371,-3.5025,-28.795,0.033625,0.16224,0.22477
3.5,-3.5968,-29.99,0.030378,0.17307,0.21863
3.515,-3.8073,-30.232,0.024881,0.17679,0.20838
3.3002,-3.6567,-29.871,-0.011437,0.16353,0.20797
2.9641,-3.3637,-29.812,-0.046286,0.14252,0.21186
2.7372,-3.2303,-30.011,-0.074401,0.12079,0.21305
2.4137,-3.2861,-30.85,-0.097236,0.10041,0.21067
2.3098,-3.4618,-31.665,-0.11297,0.080316,0.2088
2.2014,-3.5433,-32.121,-0.13669,0.05779,0.2101
2.1054,-3.4311,-32.337,-0.16017,0.035487,0.21118
2.0464,-3.0517,-31.636,-0.18739,0.02043,0.21212
1.9431,-2.4812,-30.679,-0.2248,0.012743,0.21193
1.8954,-1.9407,-30.11,-0.26011,0.009451,0.21406
1.8168,-1.6861,-30.248,-0.28484,0.006065,0.21546
1.6381,-1.7865,-30.661,-0.28978,-0.00021,0.21678
1.5115,-1.8366,-31.025,-0.29643,-0.008417,0.2183
1.4635,-1.8725,-31.337,-0.30681,-0.016389,0.22039
1.4113,-1.9013,-31.652,-0.31754,-0.022152,0.22477
1.4198,-1.7821,-31.837,-0.31968,-0.024255,0.22932
1.4753,-1.5242,-31.639,-0.32022,-0.02829,0.23319
1.1657,-0.68807,-30.988,-0.37469,-0.056255,0.23211
0.7153,0.35573,-30.005,-0.4696,-0.10411,0.23642
0.51359,0.96197,-29.409,-0.53112,-0.14251,0.23946
0.50421,1.1273,-28.932,-0.55714,-0.1649,0.24023
0.65566,1.1245,-28.72,-0.57125,-0.17508,0.23991
0.80188,1.2788,-28.603,-0.59911,-0.18438,0.24153
0.87654,1.3233,-28.969,-0.62221,-0.19344,0.24284
0.97231,1.3421,-29.24,-0.63282,-0.20272,0.24265
1.0139,1.2391,-29.326,-0.63127,-0.20838,0.24228
0.99484,1.0755,-29.208,-0.62481,-0.21172,0.24234
1.0384,0.99164,-29.046,-0.6211,-0.21272,0.24254
1.0834,0.96022,-29.031,-0.61771,-0.20918,0.24303
1.2192,0.85077,-28.875,-0.61481,-0.2038,0.2427
1.3492,0.77185,-28.511,-0.60261,-0.19354,0.24015
1.4955,0.69851,-27.9,-0.58343,-0.17865,0.23807
1.701,0.56171,-27.646,-0.56368,-0.16516,0.23789
1.9471,0.42605,-27.379,-0.54137,-0.14975,0.23755
2.1574,0.18825,-27.413,-0.51975,-0.13151,0.23617
2.2914,-0.052188,-27.339,-0.49941,-0.11528,0.23375
2.439,-0.32319,-27.366,-0.475,-0.10218,0.2317
2.5135,-0.44403,-27.125,-0.45557,-0.094236,0.23089
2.5538,-0.46383,-26.753,-0.4443,-0.090629,0.23063
2.4723,-0.38771,-26.095,-0.44141,-0.088159,0.23041
2.4599,-0.36152,-25.504,-0.43505,-0.086829,0.23104
2.3893,-0.36445,-25.075,-0.42531,-0.083819,0.23262
2.369,-0.46549,-24.863,-0.41252,-0.081085,0.23411
2.3126,-0.57668,-24.817,-0.40312,-0.078808,0.23456
2.2811,-0.63779,-24.839,-0.39969,-0.079416,0.23429
2.242,-0.69496,-24.962,-0.40398,-0.082849,0.23364
2.2273,-0.67284,-25.046,-0.4099,-0.087351,0.23317
2.2462,-0.63058,-25.003,-0.41458,-0.092744,0.23226
2.275,-0.64422,-24.695,-0.41369,-0.094735,0.23119
2.241,-0.64399,-24.183,-0.40889,-0.095733,0.23123
2.1404,-0.57044,-23.728,-0.40505,-0.096742,0.23206
2.073,-0.53637,-23.411,-0.4029,-0.098591,0.233
2.033,-0.52284,-23.279,-0.40114,-0.10053,0.23335
1.9602,-0.58938,-23.177,-0.3985,-0.10117,0.23323
1.9534,-0.67738,-23.217,-0.39388,-0.10193,0.23332
2.0103,-0.77892,-23.415,-0.38862,-0.10062,0.23339
2.0266,-0.80822,-23.503,-0.38746,-0.099358,0.23342
2.0429,-0.78325,-23.508,-0.39127,-0.098679,0.23294
2.0659,-0.71707,-23.189,-0.39622,-0.097038,0.23278
2.0892,-0.63835,-22.89,-0.39972,-0.09439,0.23333
2.1477,-0.58189,-22.564,-0.39966,-0.091002,0.23408
2.1562,-0.51594,-22.23,-0.39799,-0.085253,0.23424
2.1512,-0.55427,-21.997,-0.39406,-0.081128,0.23441
2.138,-0.59614,-21.772,-0.38928,-0.077361,0.23506
2.1071,-0.61624,-21.685,-0.38708,-0.075736,0.23605
2.1054,-0.6632,-21.609,-0.38658,-0.075817,0.23644
2.0982,-0.66445,-21.493,-0.38785,-0.075393,0.23652
2.068,-0.67778,-21.359,-0.39013,-0.075508,0.23662
2.0879,-0.62045,-21.154,-0.39597,-0.077173,0.23691
2.0721,-0.54647,-20.894,-0.40405,-0.079202,0.23749
2.0919,-0.43607,-20.51,-0.41069,-0.080403,0.23744
2.1048,-0.38658,-20.08,-0.41383,-0.080163,0.23708
2.1489,-0.44025,-19.758,-0.41165,-0.078274,0.23716
2.1877,-0.47051,-19.475,-0.4083,-0.075467,0.23714
2.2646,-0.49414,-19.146,-0.40176,-0.071861,0.23643
2.2813,-0.50505,-18.901,-0.39856,-0.068686,0.23599
2.3314,-0.52786,-18.847,-0.39673,-0.066115,0.235
2.3697,-0.57766,-18.746,-0.39654,-0.065215,0.23453
2.3917,-0.6,-18.558,-0.39843,-0.064796,0.23408
2.4191,-0.51808,-18.275,-0.4021,-0.06498,0.23354
2.45,-0.50118,-17.924,-0.40514,-0.06387,0.23331
2.4605,-0.47002,-17.608,-0.40658,-0.061396,0.2331
2.5167,-0.40114,-17.321,-0.40665,-0.057856,0.2321
2.6186,-0.33814,-17.01,-0.40228,-0.05178,0.23128
2.7158,-0.39894,-16.832,-0.39502,-0.043979,0.23022
2.8303,-0.44152,-16.694,-0.38559,-0.035434,0.22877
2.9402,-0.50559,-16.659,-0.37838,-0.026664,0.22794
3.0799,-0.52779,-16.629,-0.37318,-0.019418,0.22711
3.1237,-0.50538,-16.588,-0.37337,-0.013807,0.22687
3.1954,-0.47498,-16.532,-0.37489,-0.009299,0.22712
3.2398,-0.43494,-16.35,-0.37574,-0.005977,0.22725
3.2885,-0.38985,-16.126,-0.37535,-0.001604,0.22812
3.3073,-0.33535,-15.818,-0.37407,0.00352,0.22893
3.271,-0.33736,-15.671,-0.37292,0.008182,0.22973
3.2605,-0.30943,-15.336,-0.3665,0.014623,0.23074
3.2696,-0.36034,-15.185,-0.35866,0.02066,0.23112
3.3296,-0.34101,-14.999,-0.35155,0.026173,0.23055
3.3569,-0.40808,-14.943,-0.34698,0.031288,0.23019
3.3581,-0.38023,-14.73,-0.34675,0.035701,0.22991
3.3723,-0.33793,-14.595,-0.34624,0.039044,0.23018
3.3871,-0.29923,-14.431,-0.34584,0.041891,0.23085
3.4098,-0.29076,-14.171,-0.34418,0.043614,0.2312
3.4383,-0.28815,-13.881,-0.34146,0.04535,0.23161
3.4379,-0.32204,-13.59,-0.33711,0.046025,0.23211
3.4598,-0.3066,-13.304,-0.32934,0.044813,0.23186
3.4431,-0.38558,-13.011,-0.31954,0.043594,0.23167
3.4553,-0.45221,-12.738,-0.31082,0.039452,0.23172
3.3973,-0.44947,-12.551,-0.30399,0.036201,0.23187
3.4004,-0.47449,-12.261,-0.29508,0.034012,0.23278
3.3919,-0.47551,-12.089,-0.28821,0.032696,0.23403
3.445,-0.48238,-11.855,-0.28146,0.032932,0.23488
3.4796,-0.50894,-11.65,-0.27407,0.035864,0.23641
3.5508,-0.49385,-11.313,-0.26683,0.039233,0.23773
3.6388,-0.4776,-10.983,-0.26309,0.043943,0.23858
3.688,-0.44227,-10.706,-0.25815,0.046975,0.23969
3.78,-0.43509,-10.451,-0.25112,0.051142,0.23989
3.8269,-0.48363,-10.127,-0.24204,0.054651,0.24026
3.8956,-0.52276,-9.8259,-0.23153,0.057474,0.24053
3.9374,-0.57156,-9.6078,-0.22178,0.060029,0.24044
3.9758,-0.62926,-9.3496,-0.21404,0.063453,0.23999
4.0535,-0.60572,-9.061,-0.20785,0.066705,0.23978
4.0594,-0.6156,-8.7857,-0.20434,0.07095,0.2392
4.1014,-0.58821,-8.5329,-0.20216,0.075671,0.23828
4.1669,-0.55219,-8.2802,-0.19982,0.08033,0.23733
4.1796,-0.53132,-7.9341,-0.19605,0.084787,0.23638
4.2074,-0.52111,-7.5363,-0.19265,0.086972,0.23477
4.2192,-0.55452,-7.401,-0.18674,0.089229,0.23458
4.1941,-0.6205,-7.0633,-0.18063,0.087694,0.23347
4.1846,-0.70973,-6.4956,-0.17042,0.081331,0.23005
4.0699,-0.73118,-6.4248,-0.15795,0.077843,0.23378
3.9816,-0.71184,-6.261,-0.15637,0.073157,0.23501
4.0139,-0.67794,-6.0634,-0.16855,0.067216,0.23113
4.051,-0.63385,-5.7865,-0.17113,0.065771,0.23249
4.0756,-0.56641,-5.4948,-0.16818,0.073321,0.23264
4.0501,-0.49614,-5.9423,-0.17391,0.077475,0.23328
4.074,-0.49882,-5.7758,-0.18282,0.069625,0.22965
4.1038,-0.60119,-5.8575,-0.17806,0.063198,0.22807
4.0422,-0.76355,-5.8191,-0.16668,0.062264,0.22743
4.0716,-0.81881,-5.8981,-0.16696,0.056682,0.22541
4.0854,-0.80871,-6.0994,-0.17291,0.052613,0.22509
4.1276,-0.76746,-6.1123,-0.17755,0.052218,0.22496
4.1584,-0.75221,-6.1775,-0.18369,0.054771,0.22355
4.2603,-0.67925,-6.1436,-0.18797,0.057468,0.22217
4.2759,-0.6497,-6.0379,-0.19144,0.060098,0.22048
4.3234,-0.59315,-5.8351,-0.19266,0.062809,0.21938
4.2693,-0.58384,-5.6647,-0.19229,0.06583,0.21865
4.273,-0.54145,-5.4718,-0.19051,0.068526,0.2179
4.2726,-0.50995,-5.3886,-0.18704,0.071476,0.21712
4.2819,-0.53023,-5.2262,-0.18095,0.075665,0.21735
4.2986,-0.58198,-5.2259,-0.17312,0.079967,0.21709
4.3261,-0.6266,-5.1057,-0.16812,0.082914,0.21665
4.2958,-0.66486,-5.1549,-0.16518,0.085087,0.21642
4.3096,-0.66867,-5.1819,-0.16275,0.086749,0.21656
4.3581,-0.69423,-5.2417,-0.16244,0.087983,0.21545
4.3846,-0.65048,-5.3036,-0.16498,0.089364,0.21516
4.4038,-0.63938,-5.3363,-0.16735,0.091245,0.21525
4.4469,-0.62235,-5.4743,-0.17153,0.092145,0.21487
4.4688,-0.55947,-5.5501,-0.17764,0.093677,0.21452
4.5291,-0.52593,-5.59,-0.1816,0.095537,0.21453
4.5637,-0.47989,-5.5427,-0.18456,0.097717,0.21388
4.5983,-0.46298,-5.6678,-0.18644,0.098955,0.21386
4.6145,-0.43337,-5.6924,-0.1879,0.099995,0.21398
4.6377,-0.43047,-5.7486,-0.18698,0.10071,0.21408
4.5963,-0.47093,-5.8086,-0.18756,0.10029,0.21386
4.586,-0.45268,-5.7643,-0.18622,0.099875,0.21443
4.5506,-0.42959,-5.8027,-0.18588,0.099303,0.21452
4.5687,-0.40509,-5.8438,-0.18597,0.099068,0.21513
4.6112,-0.43758,-5.8243,-0.18691,0.099349,0.2161
4.6313,-0.41111,-5.7989,-0.18706,0.10082,0.2171
4.6161,-0.39101,-5.8502,-0.18803,0.10267,0.21789
4.6529,-0.32364,-5.7912,-0.18961,0.10415,0.21831
4.6192,-0.29484,-5.7087,-0.1917,0.10515,0.21905
4.6239,-0.23975,-5.7182,-0.19459,0.10609,0.2195
4.6237,-0.18522,-5.6534,-0.20024,0.10527,0.21968
4.6143,-0.10932,-5.5983,-0.20333,0.10548,0.21973
4.6142,-0.06421,-5.5886,-0.2075,0.10519,0.21976
4.61,-0.05531,-5.5657,-0.20765,0.10642,0.21949
4.6339,-0.068652,-5.5754,-0.20619,0.1062,0.21986
4.6382,-0.089358,-5.5705,-0.20271,0.1068,0.22003
4.6464,-0.14823,-5.7065,-0.19919,0.10724,0.22055
4.6471,-0.18745,-5.7261,-0.19647,0.1068,0.2215
4.6307,-0.20863,-5.706,-0.19344,0.10633,0.22218
4.6442,-0.22518,-5.7378,-0.1935,0.10457,0.22291
4.5971,-0.25515,-5.8788,-0.19505,0.10429,0.22365
4.5865,-0.24167,-5.841,-0.19591,0.10352,0.22427
4.5806,-0.25391,-5.7587,-0.19355,0.10356,0.22483
4.5443,-0.24092,-5.7353,-0.19479,0.10278,0.22526
4.4932,-0.20875,-5.6405,-0.19922,0.1014,0.22588
