0.50562,-0.15159,0.0023756,0.014612,-0.0010146,0.99968,-0.02038
0.5046,-0.15229,0.0028531,0.015645,-0.0011098,0.99968,-0.019831
0.50357,-0.1532,0.0022168,0.011953,-0.0019794,0.99974,-0.019173
0.50243,-0.15414,0.0015849,0.0085236,-0.0025566,0.99979,-0.018553
0.50127,-0.15507,0.0010203,0.0052494,-0.0029571,0.99982,-0.017888
0.49997,-0.15578,0.0018915,0.0075637,-0.0027981,0.99982,-0.017109
0.49864,-0.15647,0.0027288,0.0096973,-0.0025731,0.99982,-0.0162
0.49712,-0.1572,0.0035788,0.011746,-0.0022855,0.99981,-0.015089
0.49558,-0.15788,0.0043772,0.013572,-0.0019404,0.99981,-0.013827
0.49404,-0.15855,0.0051242,0.015201,-0.0015805,0.9998,-0.01257
0.49248,-0.15918,0.0058244,0.016662,-0.0011259,0.9998,-0.011198
0.49091,-0.15977,0.0065077,0.018056,-0.00065104,0.99979,-0.0097205
0.48916,-0.16035,0.0071999,0.019315,-9.2772e-05,0.99978,-0.0079851
0.48743,-0.16088,0.0078528,0.020433,0.00045992,0.99977,-0.006223
0.48569,-0.16138,0.0084722,0.021426,0.0010443,0.99976,-0.0044206
0.48397,-0.16184,0.0090612,0.022331,0.0016329,0.99975,-0.0026136
0.48225,-0.16226,0.0096359,0.023167,0.0021947,0.99973,-0.00081259
0.48038,-0.16266,0.010219,0.023942,0.0027666,0.99971,0.0011327
0.47852,-0.16303,0.010774,0.024636,0.0032863,0.99969,0.0030524
0.47669,-0.16336,0.011318,0.025343,0.0036934,0.99966,0.004933
0.47487,-0.16366,0.011843,0.025984,0.0040259,0.99963,0.0067761
0.47308,-0.16391,0.012404,0.026803,0.0042797,0.99959,0.0085791
0.47115,-0.16409,0.012974,0.027557,0.0044382,0.99955,0.010593
0.46926,-0.16423,0.013529,0.028297,0.0045806,0.99951,0.012591
0.4674,-0.16433,0.014053,0.028942,0.0047201,0.99946,0.014497
0.46558,-0.16437,0.014559,0.02952,0.0048362,0.99942,0.016423
0.46377,-0.16436,0.015042,0.030048,0.0050556,0.99937,0.018372
0.46185,-0.16423,0.015519,0.030344,0.0051267,0.99932,0.020439
0.45996,-0.16408,0.015979,0.030625,0.0051248,0.99927,0.022366
0.45812,-0.16387,0.016412,0.030831,0.0051408,0.99922,0.024309
0.45631,-0.16361,0.016826,0.031027,0.0051098,0.99916,0.026227
0.45453,-0.16333,0.017214,0.031145,0.0050294,0.99911,0.028072
0.45262,-0.16293,0.017599,0.03117,0.0048545,0.99905,0.030016
0.45075,-0.16252,0.017966,0.031159,0.0046556,0.999,0.031818
0.44891,-0.1621,0.018298,0.03106,0.0044218,0.99894,0.033547
0.4471,-0.16165,0.018625,0.030993,0.0042033,0.99889,0.035236
0.44531,-0.16119,0.018934,0.030959,0.0038955,0.99884,0.03678
0.4434,-0.16069,0.019227,0.030872,0.0035227,0.99878,0.038282
0.44151,-0.16018,0.019508,0.030825,0.003113,0.99873,0.039701
0.43964,-0.15965,0.019748,0.030744,0.0028279,0.99868,0.04105
0.43781,-0.15915,0.019974,0.030653,0.0024203,0.99863,0.042228
0.436,-0.15868,0.020201,0.030676,0.0019932,0.99859,0.043263
0.43404,-0.15815,0.020417,0.030716,0.0015228,0.99854,0.044299
0.43211,-0.15763,0.020612,0.030749,0.0010309,0.9985,0.045271
0.4302,-0.15711,0.020757,0.030709,0.00066746,0.99846,0.046175
0.42831,-0.15663,0.020884,0.03066,0.00018812,0.99843,0.046971
0.42643,-0.15615,0.020995,0.030608,-0.00027964,0.99839,0.047715
0.42436,-0.15564,0.021045,0.030351,-0.00077182,0.99836,0.048433
0.42231,-0.15513,0.021112,0.03028,-0.0011777,0.99833,0.049098
0.42027,-0.15466,0.021147,0.030132,-0.0015885,0.99831,0.049681
0.41823,-0.1542,0.021184,0.030028,-0.0019511,0.99828,0.050252
0.41618,-0.15376,0.021186,0.029844,-0.0023053,0.99826,0.050741
0.4139,-0.15331,0.021196,0.0298,-0.0026516,0.99824,0.051189
0.41162,-0.15284,0.021207,0.029789,-0.0029596,0.99821,0.051713
0.40932,-0.15238,0.021206,0.029771,-0.0031833,0.99819,0.052203
0.40704,-0.15197,0.02123,0.029845,-0.0035756,0.99817,0.052549
0.40473,-0.15156,0.021258,0.030007,-0.003935,0.99814,0.052981
0.40216,-0.15111,0.021288,0.030117,-0.0042711,0.99811,0.053488
0.3996,-0.15063,0.021319,0.030283,-0.0045386,0.99806,0.054153
0.39704,-0.15019,0.02137,0.030482,-0.0048596,0.99802,0.054771
0.39447,-0.14974,0.021372,0.030421,-0.0051181,0.99799,0.055405
0.39187,-0.14925,0.021359,0.030231,-0.0054056,0.99794,0.05632
0.38904,-0.14871,0.021232,0.029387,-0.0056542,0.9979,0.05747
0.38623,-0.14819,0.02117,0.028719,-0.005764,0.99785,0.058616
0.38345,-0.14766,0.021136,0.028063,-0.0058783,0.99779,0.059868
0.38068,-0.14718,0.021123,0.027381,-0.0058979,0.99774,0.061046
0.37793,-0.14674,0.021153,0.026759,-0.0059275,0.99769,0.062156
0.37493,-0.14636,0.021255,0.026122,-0.0058911,0.99764,0.063159
0.37197,-0.14606,0.02141,0.025625,-0.0058817,0.99761,0.063949
0.36905,-0.14578,0.021595,0.025214,-0.0058864,0.99756,0.064763
0.36611,-0.14555,0.021916,0.025272,-0.0059504,0.99752,0.06549
0.36323,-0.14548,0.022304,0.025549,-0.0063392,0.9975,0.06562
0.36011,-0.14553,0.022779,0.026042,-0.006961,0.99749,0.065473
0.35704,-0.14561,0.02329,0.026668,-0.0076594,0.99748,0.065222
0.35403,-0.14573,0.023802,0.027331,-0.0084257,0.99749,0.064835
0.35106,-0.14584,0.024315,0.028014,-0.0091228,0.99748,0.064518
0.3481,-0.14595,0.024825,0.028678,-0.0097703,0.99748,0.064216
0.34495,-0.14607,0.025328,0.029201,-0.010357,0.99748,0.063896
0.34186,-0.14616,0.025814,0.029726,-0.010858,0.99748,0.063546
0.33885,-0.14623,0.026254,0.030102,-0.011226,0.99748,0.063289
0.33589,-0.14626,0.026668,0.030372,-0.011502,0.99747,0.063211
0.33299,-0.14623,0.027051,0.030566,-0.011656,0.99746,0.063317
0.3299,-0.14614,0.027426,0.030704,-0.011757,0.99743,0.063588
0.3269,-0.14603,0.02777,0.030763,-0.01189,0.99741,0.063924
0.32398,-0.14591,0.028088,0.030808,-0.012053,0.99739,0.064241
0.32112,-0.14574,0.028374,0.030773,-0.012198,0.99736,0.064697
0.31833,-0.14556,0.028638,0.030714,-0.012408,0.99732,0.065168
0.31538,-0.14532,0.028897,0.030634,-0.012784,0.99728,0.065774
0.31252,-0.1451,0.02914,0.030561,-0.013312,0.99725,0.066155
0.30974,-0.14485,0.029364,0.03042,-0.013804,0.99721,0.066735
0.30702,-0.14459,0.029635,0.030656,-0.014563,0.99716,0.067255
0.30438,-0.1443,0.029895,0.030868,-0.015276,0.9971,0.067808
0.3016,-0.14399,0.030148,0.031007,-0.01595,0.99705,0.068333
0.2989,-0.14368,0.030414,0.031225,-0.016618,0.99701,0.068681
0.29629,-0.14334,0.030632,0.031403,-0.016914,0.99697,0.06911
0.29376,-0.14296,0.030836,0.031566,-0.017126,0.99693,0.069584
0.2913,-0.14261,0.031065,0.031697,-0.017719,0.99688,0.070136
0.28871,-0.14216,0.031254,0.031831,-0.017884,0.99682,0.070807
0.28621,-0.14172,0.031433,0.031975,-0.018078,0.99677,0.07142
0.28378,-0.14126,0.031588,0.032067,-0.018226,0.99672,0.072024
0.28143,-0.14084,0.031723,0.032137,-0.018405,0.99668,0.072523
0.27941,-0.14039,0.031798,0.031996,-0.018387,0.99664,0.073106
0.27665,-0.13978,0.031881,0.031832,-0.018428,0.99659,0.073863
0.27426,-0.13923,0.031914,0.031595,-0.018473,0.99654,0.074634
0.27195,-0.13869,0.031967,0.031591,-0.018674,0.99648,0.07538
0.26969,-0.13817,0.031976,0.031498,-0.018844,0.99643,0.076061
0.26748,-0.13766,0.031983,0.031463,-0.019052,0.99637,0.07671
0.26512,-0.1371,0.031912,0.031272,-0.01916,0.99633,0.077283
0.26283,-0.13655,0.031821,0.031059,-0.01936,0.99629,0.077938
0.26059,-0.13601,0.031702,0.030798,-0.01954,0.99624,0.078557
0.25841,-0.13546,0.031561,0.030529,-0.019679,0.9962,0.079221
0.25626,-0.13492,0.031384,0.0302,-0.019769,0.99615,0.079861
0.25396,-0.13437,0.031149,0.029787,-0.019765,0.99612,0.080376
0.25173,-0.13381,0.030901,0.029346,-0.019697,0.99609,0.080946
0.24955,-0.13326,0.030637,0.028889,-0.019606,0.99606,0.08152
0.24742,-0.13274,0.030366,0.028448,-0.019483,0.99603,0.082072
0.24534,-0.13223,0.030064,0.027936,-0.019266,0.996,0.082603
0.24313,-0.13168,0.029706,0.027269,-0.018979,0.99597,0.083312
0.24098,-0.13116,0.029321,0.02651,-0.018641,0.99594,0.084033
0.23887,-0.13065,0.028955,0.025835,-0.018303,0.9959,0.084765
0.23682,-0.13016,0.028571,0.025092,-0.017983,0.99586,0.085473
0.23482,-0.12968,0.028185,0.024352,-0.017671,0.99583,0.086177
0.23268,-0.1292,0.027761,0.023475,-0.017374,0.99579,0.08684
0.23064,-0.12875,0.027405,0.022842,-0.017132,0.99577,0.087384
0.22861,-0.12832,0.027017,0.022064,-0.016863,0.99573,0.088009
0.22689,-0.12797,0.026677,0.021321,-0.016605,0.99571,0.088498
0.2247,-0.12754,0.026261,0.020438,-0.016227,0.99568,0.089123
0.22265,-0.12717,0.02588,0.019595,-0.015866,0.99565,0.089671
0.22065,-0.12684,0.025516,0.01876,-0.015542,0.99563,0.090148
0.21871,-0.12653,0.025185,0.018037,-0.015252,0.99561,0.090572
0.2168,-0.12623,0.024869,0.017356,-0.015002,0.99559,0.091001
0.21494,-0.12595,0.024577,0.01678,-0.014747,0.99557,0.09136
0.21296,-0.12568,0.024274,0.016174,-0.014529,0.99555,0.091746
0.21101,-0.12544,0.023974,0.015539,-0.01431,0.99553,0.092039
0.20913,-0.12519,0.023654,0.014809,-0.01414,0.99552,0.092347
0.20731,-0.12497,0.023337,0.014092,-0.01401,0.99551,0.092578
0.20551,-0.12473,0.023087,0.013626,-0.013909,0.99549,0.092876
0.20361,-0.1245,0.022756,0.012859,-0.013861,0.99547,0.093142
0.20177,-0.12426,0.022429,0.012112,-0.013775,0.99546,0.093444
0.19997,-0.12403,0.022124,0.011395,-0.013778,0.99544,0.093746
0.1982,-0.12379,0.021839,0.010741,-0.013819,0.99541,0.094128
0.19646,-0.12359,0.02157,0.010132,-0.01399,0.9954,0.094193
0.19462,-0.1234,0.02129,0.0095403,-0.014167,0.99541,0.094194
0.19282,-0.12319,0.021014,0.0089572,-0.014376,0.9954,0.09426
0.19106,-0.12299,0.02077,0.0085002,-0.014572,0.9954,0.094314
0.18935,-0.1228,0.020528,0.0080268,-0.014776,0.9954,0.094329
0.18768,-0.12261,0.02029,0.0075633,-0.015001,0.99539,0.094397
0.18588,-0.1224,0.020055,0.0071825,-0.015295,0.99539,0.094425
0.18413,-0.1222,0.01982,0.0067793,-0.01562,0.99538,0.094463
0.18242,-0.12201,0.01959,0.0064046,-0.015967,0.99538,0.094493
0.18076,-0.12183,0.019365,0.0060587,-0.016304,0.99537,0.094484
0.17912,-0.12166,0.019142,0.0057126,-0.016642,0.99537,0.094468
0.17736,-0.12147,0.018932,0.0054679,-0.017094,0.99537,0.094453
0.17564,-0.12128,0.018714,0.0051809,-0.017518,0.99536,0.094472
0.17396,-0.12109,0.018525,0.0049923,-0.017934,0.99535,0.094488
0.17233,-0.12089,0.018326,0.0047542,-0.018267,0.99534,0.094537
0.17073,-0.12071,0.018123,0.0045004,-0.018602,0.99534,0.094553
0.16901,-0.12049,0.017943,0.0043449,-0.018995,0.99532,0.094624
0.16735,-0.12028,0.017757,0.0041513,-0.019336,0.99531,0.094682
0.16573,-0.12007,0.017588,0.0040255,-0.019701,0.9953,0.094758
0.16416,-0.11987,0.01741,0.0038133,-0.020054,0.99529,0.094814
0.16262,-0.11967,0.017265,0.0037177,-0.020392,0.99527,0.094861
0.16096,-0.11946,0.017116,0.003609,-0.020755,0.99526,0.094929
0.15936,-0.11927,0.016987,0.0035815,-0.021128,0.99525,0.094943
0.1578,-0.11909,0.016867,0.0035755,-0.021541,0.99525,0.094921
0.15629,-0.11892,0.016761,0.003611,-0.021907,0.99524,0.094895
0.155,-0.1188,0.016678,0.0036684,-0.022214,0.99524,0.094803
0.15325,-0.11862,0.016571,0.0037613,-0.022553,0.99524,0.09473
0.15173,-0.11849,0.016488,0.00386,-0.022823,0.99525,0.094596
0.15025,-0.11834,0.01631,0.0035933,-0.0231,0.99524,0.094567
0.14881,-0.1182,0.016122,0.0032908,-0.02332,0.99525,0.094486
0.14741,-0.11808,0.015936,0.0030175,-0.02344,0.99525,0.094425
0.14591,-0.11795,0.015761,0.0028194,-0.023593,0.99526,0.094316
0.14446,-0.11784,0.015582,0.0026132,-0.023728,0.99526,0.094225
0.14304,-0.11774,0.015395,0.0024128,-0.023713,0.99527,0.094211
0.14166,-0.11767,0.015215,0.0022463,-0.023739,0.99527,0.094124
0.14031,-0.1176,0.015047,0.0021511,-0.023795,0.99528,0.094057
0.13887,-0.11755,0.01485,0.0020097,-0.023852,0.99529,0.093957
0.13747,-0.1175,0.014655,0.0018868,-0.023948,0.99529,0.093884
0.1361,-0.11748,0.014463,0.0017994,-0.02405,0.99531,0.093711
0.13476,-0.11745,0.014267,0.0016877,-0.024157,0.99532,0.093563
0.13346,-0.11742,0.014058,0.0015471,-0.024206,0.99532,0.093492
0.13205,-0.11742,0.013828,0.0014834,-0.024326,0.99533,0.093385
0.13067,-0.11742,0.013581,0.0013846,-0.024336,0.99534,0.093304
0.12933,-0.11744,0.013335,0.0013242,-0.024359,0.99535,0.093171
0.12803,-0.11747,0.013083,0.0012598,-0.024401,0.99536,0.093079
0.12674,-0.1175,0.012838,0.0012387,-0.024462,0.99537,0.092956
0.1254,-0.11754,0.012492,0.00098968,-0.024509,0.99538,0.092861
0.12408,-0.11757,0.012143,0.00076629,-0.02456,0.99539,0.092749
0.12278,-0.11761,0.01178,0.00045967,-0.02464,0.9954,0.092623
0.12151,-0.11766,0.011429,0.00022574,-0.024762,0.9954,0.092515
0.12026,-0.11772,0.011053,-0.00011978,-0.024861,0.99541,0.092374
0.1189,-0.11778,0.010648,-0.00034298,-0.024982,0.99542,0.092227
0.11757,-0.11787,0.010264,-0.00046128,-0.025197,0.99544,0.092022
0.11626,-0.11793,0.0098586,-0.00072391,-0.025271,0.99544,0.091926
0.11497,-0.118,0.0094607,-0.00095339,-0.025425,0.99545,0.091795
0.11371,-0.11809,0.0090656,-0.0011573,-0.025669,0.99546,0.091634
0.11232,-0.11818,0.0086415,-0.0013381,-0.026003,0.99547,0.091442
0.11097,-0.11825,0.008221,-0.0015151,-0.026304,0.99547,0.091333
0.10964,-0.11832,0.0077944,-0.0017527,-0.026552,0.99547,0.091248
0.10833,-0.1184,0.0073961,-0.0019082,-0.026869,0.99547,0.091153
0.10705,-0.11846,0.0069905,-0.0021242,-0.027104,0.99547,0.091147
0.10563,-0.11855,0.0065769,-0.0023484,-0.027618,0.99546,0.091059
0.10425,-0.11864,0.0061655,-0.0025805,-0.028044,0.99545,0.090998
0.1029,-0.11875,0.0057913,-0.0026453,-0.028522,0.99545,0.090842
0.10156,-0.11882,0.0054175,-0.0027632,-0.028985,0.99544,0.090833
0.10023,-0.11889,0.0050747,-0.0027365,-0.02952,0.99543,0.090783
0.098788,-0.11899,0.0047094,-0.0027523,-0.030165,0.99542,0.090693
0.097346,-0.11904,0.0044302,-0.0023025,-0.03112,0.99539,0.090744
0.09593,-0.11908,0.0041794,-0.0017232,-0.032088,0.99535,0.090858
0.094541,-0.11913,0.0039238,-0.001224,-0.033068,0.99531,0.090942
0.093172,-0.1192,0.0036615,-0.00081604,-0.034033,0.99527,0.09095
0.091655,-0.11926,0.0033893,-0.00047044,-0.03501,0.99523,0.091024
0.090174,-0.11933,0.0031347,-7.7048e-05,-0.035904,0.9952,0.091051
0.088726,-0.11943,0.002865,0.00021221,-0.036653,0.99517,0.091014
0.087305,-0.11952,0.0026065,0.00043419,-0.037375,0.99515,0.091028
0.08608,-0.11962,0.0023974,0.000622,-0.037932,0.99513,0.091026
0.084396,-0.11975,0.0021442,0.00094959,-0.038683,0.9951,0.091011
0.082917,-0.11989,0.0019343,0.0012196,-0.039289,0.99508,0.090941
0.081464,-0.12,0.0017187,0.0013423,-0.039745,0.99506,0.090976
0.080048,-0.12013,0.0015416,0.001556,-0.040272,0.99504,0.090992
0.078639,-0.1203,0.0013485,0.0017996,-0.040469,0.99505,0.090773
0.077126,-0.12049,0.0011532,0.0019331,-0.040628,0.99506,0.090587
0.075648,-0.12068,0.00098707,0.0021179,-0.040795,0.99507,0.090366
0.074201,-0.12084,0.00083027,0.0022816,-0.040969,0.99507,0.090241
0.072778,-0.121,0.00069856,0.0025068,-0.041225,0.99507,0.090121
0.071396,-0.12116,0.00058544,0.0027519,-0.041564,0.99507,0.089984
0.069902,-0.12132,0.00048863,0.0030016,-0.04198,0.99506,0.089925
0.06845,-0.12146,0.00040802,0.0032847,-0.04254,0.99504,0.089872
0.067016,-0.12159,0.00035685,0.0036676,-0.043195,0.99501,0.089873
0.065623,-0.12171,0.00032518,0.004111,-0.043947,0.99497,0.089919
0.06426,-0.12187,0.00023387,0.0045347,-0.044304,0.99496,0.089793
0.062778,-0.12202,0.00018253,0.0052032,-0.044851,0.99494,0.089705
0.061347,-0.12218,0.00012136,0.0058555,-0.045388,0.99493,0.08957
0.059893,-0.12232,8.2834e-05,0.0065659,-0.045953,0.9949,0.0895
0.058483,-0.12244,3.9904e-05,0.007242,-0.046527,0.99488,0.089445
0.057117,-0.12256,-3.0321e-05,0.0078449,-0.04698,0.99485,0.089431
0.055702,-0.12266,-9.3795e-05,0.0085395,-0.047439,0.99483,0.089371
0.054332,-0.12279,-0.00017907,0.0091644,-0.047842,0.99482,0.089232
0.052961,-0.12289,-0.00026433,0.0097756,-0.048137,0.9948,0.089208
0.051641,-0.12296,-0.00037266,0.010279,-0.048419,0.99478,0.089213
0.050387,-0.12305,-0.00048808,0.010757,-0.048684,0.99477,0.08915
0.049038,-0.12313,-0.00062553,0.0112,-0.048975,0.99475,0.089124
0.047739,-0.12322,-0.00077337,0.011595,-0.049251,0.99474,0.089085
0.046429,-0.12329,-0.00093888,0.011913,-0.049557,0.99472,0.089084
0.045356,-0.12337,-0.001074,0.01221,-0.049834,0.99471,0.089019
0.044001,-0.12346,-0.0012593,0.012498,-0.050195,0.9947,0.088898
0.042694,-0.12357,-0.0014186,0.012828,-0.050645,0.99468,0.088727
0.041428,-0.12369,-0.0015831,0.013091,-0.05116,0.99467,0.088525
0.040179,-0.12377,-0.0019838,0.012381,-0.051774,0.99466,0.088432
0.039048,-0.12389,-0.0023462,0.011819,-0.052448,0.99466,0.08814
0.037941,-0.12403,-0.00265,0.011462,-0.053213,0.99465,0.087786
0.036705,-0.12413,-0.0028351,0.011718,-0.054492,0.99461,0.087485
0.035485,-0.12422,-0.0029907,0.012044,-0.05584,0.99455,0.087165
0.034294,-0.12429,-0.003119,0.012418,-0.057171,0.9945,0.086884
0.033134,-0.12437,-0.003228,0.012822,-0.058456,0.99444,0.086613
0.031981,-0.12445,-0.0033245,0.013227,-0.059711,0.99439,0.086323
0.030733,-0.12448,-0.0034188,0.013581,-0.060907,0.99432,0.086199
0.029576,-0.12452,-0.0034668,0.014065,-0.061943,0.99426,0.086078
0.028544,-0.12456,-0.0035133,0.014537,-0.062859,0.9942,0.085997
0.027617,-0.12462,-0.0035519,0.015046,-0.063678,0.99415,0.085923
0.026904,-0.12466,-0.0035882,0.01552,-0.064156,0.99411,0.085987
0.026092,-0.12468,-0.0037192,0.015944,-0.06422,0.99406,0.086362
0.025495,-0.1247,-0.0038494,0.016349,-0.064009,0.99404,0.086746
0.024994,-0.12473,-0.0039886,0.016797,-0.063672,0.99402,0.08715
0.024512,-0.12478,-0.0038946,0.018253,-0.063324,0.99398,0.087524
0.024122,-0.12487,-0.0038658,0.019621,-0.062989,0.99395,0.087794
0.02373,-0.12495,-0.0042507,0.019798,-0.062948,0.99393,0.088066
0.023506,-0.12511,-0.0046535,0.02008,-0.063045,0.99392,0.088032
0.023247,-0.12522,-0.0051574,0.020013,-0.063218,0.9939,0.088122
0.023022,-0.12532,-0.0057167,0.019852,-0.063439,0.99388,0.088176
0.022937,-0.12548,-0.0062752,0.01986,-0.063635,0.99389,0.088008
0.022869,-0.12563,-0.0070705,0.019262,-0.06374,0.9939,0.087907
0.022826,-0.12576,-0.0078726,0.018642,-0.063743,0.99392,0.087822
0.022798,-0.12586,-0.0087228,0.01781,-0.063687,0.99394,0.087809
0.022793,-0.12593,-0.0095994,0.016857,-0.063527,0.99396,0.087891
0.022734,-0.12594,-0.010475,0.015859,-0.063293,0.99396,0.088212
0.022819,-0.12598,-0.011331,0.015077,-0.063179,0.99397,0.088379
0.022921,-0.12601,-0.01214,0.01435,-0.063114,0.99397,0.088554
0.022932,-0.12598,-0.012928,0.013528,-0.063066,0.99395,0.088923
0.022989,-0.12601,-0.013397,0.01385,-0.06303,0.99393,0.089086
0.023026,-0.12598,-0.014098,0.013085,-0.063016,0.99391,0.089401
0.023074,-0.12596,-0.014727,0.01251,-0.06309,0.99389,0.089661
0.023139,-0.12595,-0.015295,0.012026,-0.063207,0.99387,0.089852
0.023218,-0.12595,-0.015806,0.011607,-0.063324,0.99386,0.090006
0.02331,-0.12594,-0.016262,0.011253,-0.063415,0.99384,0.090145
0.0235,-0.12597,-0.016676,0.010937,-0.063476,0.99385,0.090118
0.023692,-0.12598,-0.017054,0.010598,-0.063428,0.99385,0.090109
0.023803,-0.12595,-0.017385,0.010299,-0.063346,0.99385,0.090229
0.023921,-0.12593,-0.017684,0.010014,-0.063248,0.99385,0.090321
0.024125,-0.12595,-0.01796,0.0097379,-0.063167,0.99387,0.090249
0.024324,-0.12596,-0.018208,0.0094747,-0.063111,0.99388,0.090166
0.02451,-0.12597,-0.018426,0.0092352,-0.063101,0.99389,0.090066
0.024691,-0.12597,-0.018617,0.0090152,-0.063107,0.9939,0.089963
0.024871,-0.12597,-0.018786,0.0088052,-0.063113,0.99391,0.089859
0.025051,-0.12597,-0.018936,0.0085925,-0.063105,0.99392,0.089766
0.025151,-0.12594,-0.019056,0.0084149,-0.063083,0.99392,0.089817
0.025349,-0.12595,-0.019153,0.0082556,-0.063022,0.99394,0.089722
0.025544,-0.12595,-0.019239,0.0080884,-0.062936,0.99395,0.089639
0.025737,-0.12595,-0.019313,0.007917,-0.062823,0.99397,0.089569
0.025924,-0.12595,-0.01938,0.0077161,-0.062673,0.99398,0.089508
0.026107,-0.12595,-0.019437,0.007515,-0.062504,0.994,0.089441
0.026279,-0.12595,-0.019469,0.0073475,-0.062327,0.99402,0.089366
0.026447,-0.12594,-0.019483,0.0072072,-0.062174,0.99404,0.089294
0.026615,-0.12594,-0.019479,0.0071192,-0.062075,0.99405,0.089216
0.026787,-0.12594,-0.019433,0.0071681,-0.062001,0.99406,0.089118
0.026958,-0.12594,-0.019384,0.0072076,-0.061927,0.99408,0.08903
0.027128,-0.12593,-0.019332,0.0072385,-0.061821,0.99409,0.08895
0.027295,-0.12592,-0.019283,0.0072484,-0.061681,0.9941,0.088875
0.027462,-0.12592,-0.019229,0.0072661,-0.061529,0.99412,0.088795
0.027622,-0.1259,-0.019176,0.0072658,-0.061347,0.99414,0.088733
0.027778,-0.12589,-0.019122,0.0072643,-0.061172,0.99415,0.088668
0.027928,-0.12586,-0.019054,0.0072924,-0.061007,0.99417,0.088623
0.028072,-0.12584,-0.018977,0.0073387,-0.060854,0.99418,0.088576
0.028206,-0.1258,-0.018926,0.0072737,-0.060696,0.99419,0.088549
0.028338,-0.12577,-0.018878,0.0071951,-0.060521,0.99421,0.088525
0.028467,-0.12573,-0.018837,0.0070853,-0.060303,0.99423,0.088485
0.028595,-0.12569,-0.018806,0.006919,-0.059986,0.99425,0.08845
0.028722,-0.12565,-0.018778,0.0067382,-0.059647,0.99427,0.088408
0.028849,-0.12562,-0.018754,0.0065587,-0.059292,0.9943,0.088364
0.028977,-0.12559,-0.018731,0.0063832,-0.05893,0.99433,0.088308
0.029103,-0.12556,-0.018712,0.0062137,-0.058576,0.99436,0.088242
0.029223,-0.12553,-0.018694,0.006066,-0.058234,0.99439,0.088137
0.029343,-0.12549,-0.018674,0.0059496,-0.057935,0.99441,0.088025
0.02946,-0.12546,-0.018658,0.0058455,-0.057655,0.99444,0.087895
0.029575,-0.12543,-0.018642,0.0057569,-0.057403,0.99447,0.087743
0.029688,-0.1254,-0.018629,0.0056779,-0.057164,0.9945,0.087583
0.029808,-0.12537,-0.018594,0.0057637,-0.056847,0.99454,0.087375
0.029928,-0.12534,-0.018559,0.005859,-0.056546,0.99457,0.08716
0.030047,-0.12531,-0.018529,0.0059531,-0.056226,0.99461,0.086947
0.030162,-0.12528,-0.018504,0.0060511,-0.055894,0.99464,0.086731
0.03026,-0.12525,-0.018485,0.0061423,-0.055592,0.99468,0.086528
0.030377,-0.12521,-0.01847,0.0062557,-0.055179,0.99473,0.086195
0.030475,-0.12518,-0.018459,0.0063515,-0.054815,0.99477,0.085899
0.030571,-0.12514,-0.018452,0.0064512,-0.054465,0.99482,0.085585
0.030664,-0.12511,-0.018446,0.0065544,-0.054151,0.99486,0.085271
0.030756,-0.12507,-0.018438,0.006684,-0.053877,0.9949,0.084961
0.030849,-0.12504,-0.01843,0.0068865,-0.053624,0.99495,0.08458
0.03094,-0.12501,-0.018418,0.0071093,-0.053403,0.99499,0.084198
0.031032,-0.12498,-0.01841,0.0073232,-0.05318,0.99503,0.083807
0.031123,-0.12495,-0.018398,0.0075489,-0.052972,0.99508,0.08341
0.031207,-0.1249,-0.018437,0.007564,-0.052735,0.99512,0.083044
0.031285,-0.12484,-0.01847,0.0076248,-0.052484,0.99517,0.08261
0.03136,-0.12478,-0.018499,0.0076916,-0.05224,0.99522,0.082188
0.031434,-0.12473,-0.018525,0.0077695,-0.052017,0.99526,0.081751
0.031509,-0.12467,-0.018545,0.0078747,-0.051823,0.99531,0.081305
0.031585,-0.12462,-0.018563,0.0080011,-0.051644,0.99536,0.080848
0.03166,-0.12456,-0.018586,0.0081391,-0.051399,0.99541,0.080332
0.031735,-0.12451,-0.018614,0.0082462,-0.051122,0.99546,0.079818
0.031807,-0.12445,-0.018646,0.0083216,-0.050799,0.99552,0.079308
0.031876,-0.1244,-0.01868,0.0083871,-0.050375,0.99558,0.078798
0.031942,-0.12435,-0.018721,0.008397,-0.04992,0.99565,0.078284
0.031999,-0.1243,-0.01877,0.0083419,-0.049396,0.99572,0.077639
0.032055,-0.12425,-0.018815,0.0082509,-0.048891,0.9958,0.076997
0.032106,-0.1242,-0.018856,0.0081328,-0.048419,0.99587,0.076353
0.032154,-0.12414,-0.018893,0.007994,-0.047972,0.99594,0.075691
0.032193,-0.12409,-0.018918,0.0078779,-0.047617,0.99601,0.075121
0.032237,-0.12402,-0.018945,0.00771,-0.047169,0.99609,0.074256
0.032279,-0.12396,-0.018968,0.0075392,-0.046785,0.99617,0.073455
0.032315,-0.1239,-0.018986,0.0073872,-0.046465,0.99624,0.07274
0.032364,-0.12382,-0.019002,0.0072076,-0.04608,0.99633,0.071822
0.032421,-0.12376,-0.019009,0.0070681,-0.045768,0.9964,0.070964
0.032464,-0.12368,-0.019042,0.0069096,-0.045117,0.99649,0.07015
0.032509,-0.1236,-0.019072,0.0067106,-0.044526,0.99658,0.069319
0.032552,-0.1235,-0.019089,0.0065037,-0.044006,0.99666,0.068484
0.032593,-0.1234,-0.019104,0.0062623,-0.043524,0.99674,0.067614
0.032632,-0.12329,-0.019112,0.0059938,-0.04311,0.99682,0.066759
0.03266,-0.12317,-0.019117,0.0056553,-0.042681,0.9969,0.065802
0.032686,-0.12304,-0.019122,0.0052755,-0.042243,0.99699,0.064874
0.032711,-0.12291,-0.019119,0.0048894,-0.041807,0.99707,0.063941
0.032733,-0.12279,-0.019117,0.0044613,-0.041353,0.99715,0.062986
0.032756,-0.12268,-0.019117,0.004006,-0.040891,0.99723,0.062034
0.032771,-0.12256,-0.019106,0.0035674,-0.040432,0.99731,0.060971
0.032785,-0.12245,-0.019097,0.0031622,-0.039989,0.9974,0.059924
0.032797,-0.12234,-0.019102,0.0027416,-0.03958,0.99748,0.058899
0.032813,-0.12223,-0.019119,0.0023139,-0.039223,0.99755,0.057887
0.032831,-0.12212,-0.019126,0.0019658,-0.038906,0.99762,0.056874
0.032845,-0.12201,-0.019145,0.0016444,-0.038697,0.99769,0.055808
0.032859,-0.12188,-0.019153,0.0013934,-0.038553,0.99775,0.054803
0.032871,-0.12175,-0.019164,0.0011566,-0.038431,0.99781,0.05386
0.032877,-0.12158,-0.019173,0.00093414,-0.038316,0.99786,0.053016
0.032891,-0.1214,-0.019199,0.0006489,-0.038149,0.9979,0.052251
0.032912,-0.12115,-0.019239,0.00028756,-0.037849,0.99795,0.051573
0.032938,-0.12087,-0.019283,-0.00012043,-0.03747,0.998,0.050998
0.032961,-0.12056,-0.019331,-0.0005693,-0.03701,0.99803,0.050561
0.032978,-0.12023,-0.019383,-0.001047,-0.036441,0.99807,0.050219
0.032991,-0.11987,-0.019428,-0.0015222,-0.035856,0.99811,0.049956
0.032954,-0.11947,-0.019491,-0.0021176,-0.035152,0.99814,0.049812
0.032913,-0.11907,-0.019551,-0.0026987,-0.034454,0.99817,0.049713
0.032876,-0.11869,-0.019613,-0.0032617,-0.033775,0.99819,0.049614
0.032844,-0.11832,-0.019675,-0.0037815,-0.033116,0.99822,0.049496
0.032817,-0.11798,-0.019735,-0.0042591,-0.03251,0.99824,0.049335
0.032788,-0.11764,-0.019794,-0.0046564,-0.0319,0.99827,0.049141
0.032762,-0.11732,-0.019849,-0.0049903,-0.031336,0.9983,0.048938
0.032739,-0.11703,-0.019905,-0.0052799,-0.030801,0.99832,0.048723
0.032717,-0.11676,-0.019958,-0.0055051,-0.030288,0.99835,0.04851
0.032692,-0.11649,-0.020026,-0.0057424,-0.029808,0.99837,0.048308
0.032669,-0.11624,-0.020117,-0.0059668,-0.029344,0.99839,0.048086
0.032649,-0.116,-0.020201,-0.0061103,-0.028914,0.99842,0.047867
0.032632,-0.11578,-0.020278,-0.0061746,-0.028546,0.99844,0.047638
0.032629,-0.11558,-0.020371,-0.0062434,-0.028172,0.99846,0.047405
0.032635,-0.1154,-0.020478,-0.0062939,-0.027788,0.99848,0.047172
0.032647,-0.11523,-0.02058,-0.0061575,-0.027453,0.9985,0.046926
0.032658,-0.11507,-0.020685,-0.0059929,-0.027146,0.99852,0.046717
0.032671,-0.11492,-0.020792,-0.0057908,-0.026874,0.99854,0.04655
0.032686,-0.11476,-0.02091,-0.0055595,-0.026605,0.99855,0.046472
0.032703,-0.11461,-0.021033,-0.0052939,-0.026344,0.99856,0.046436
0.032749,-0.11443,-0.021169,-0.0048949,-0.026106,0.99857,0.046461
0.032813,-0.11428,-0.021117,-0.0037071,-0.025857,0.99858,0.046455
0.032881,-0.11413,-0.021099,-0.0026185,-0.025616,0.99859,0.04651
0.032962,-0.11399,-0.020918,-0.00081381,-0.02526,0.99859,0.046597
0.033035,-0.11385,-0.020793,0.00080822,-0.024917,0.9986,0.04675
0.033114,-0.11374,-0.020791,0.0021744,-0.024619,0.99859,0.046931
0.033192,-0.11358,-0.020814,0.0034308,-0.024443,0.99858,0.047273
0.033242,-0.11339,-0.021128,0.0035689,-0.024334,0.99855,0.04779
0.033307,-0.11321,-0.021238,0.0045579,-0.024243,0.99853,0.04826
0.033372,-0.11305,-0.021383,0.0054529,-0.024175,0.9985,0.048747
0.033442,-0.11285,-0.021634,0.0062035,-0.024112,0.99847,0.049407
0.033506,-0.11267,-0.021909,0.0068839,-0.024084,0.99843,0.050076
0.033553,-0.11247,-0.022272,0.0072361,-0.02414,0.99839,0.050812
0.033597,-0.11227,-0.022644,0.0075577,-0.024239,0.99835,0.051563
0.033647,-0.11207,-0.023041,0.0077826,-0.024389,0.9983,0.052332
0.033689,-0.11183,-0.023506,0.0079346,-0.024552,0.99825,0.053167
0.033739,-0.11159,-0.024006,0.0079647,-0.02469,0.9982,0.054006
0.03378,-0.11135,-0.024546,0.0078296,-0.024827,0.99815,0.054875
0.033817,-0.11111,-0.025084,0.007694,-0.024987,0.99811,0.055702
0.033852,-0.11087,-0.025613,0.0075985,-0.025184,0.99806,0.05648
0.033859,-0.1106,-0.026227,0.0073749,-0.025519,0.998,0.057291
0.033872,-0.11032,-0.026886,0.00697,-0.025937,0.99795,0.05808
0.033879,-0.11005,-0.027526,0.0066436,-0.02642,0.9979,0.058826
0.033887,-0.10978,-0.028157,0.0063929,-0.026911,0.99784,0.059523
0.033892,-0.10951,-0.028778,0.0061982,-0.027468,0.99779,0.060174
0.033846,-0.10921,-0.029514,0.0058586,-0.028179,0.99773,0.060866
0.033809,-0.10892,-0.030262,0.00547,-0.028908,0.99767,0.061535
0.033873,-0.10865,-0.030959,0.0053159,-0.029619,0.99762,0.062044
0.033921,-0.10833,-0.03192,0.0041545,-0.030322,0.99756,0.062714
0.033974,-0.10805,-0.032645,0.0039317,-0.031003,0.99751,0.063268
0.03402,-0.10771,-0.033468,0.0036301,-0.031872,0.99744,0.063948
0.034094,-0.10733,-0.034712,0.0016462,-0.032741,0.99736,0.06477
0.03412,-0.10699,-0.035516,0.0014508,-0.033424,0.99729,0.065513
0.034147,-0.10664,-0.036368,0.0010536,-0.034008,0.99722,0.066313
0.034169,-0.10628,-0.037219,0.00063675,-0.034545,0.99714,0.067202
0.034185,-0.10587,-0.038188,-4.1508e-06,-0.035113,0.99705,0.068279
0.034191,-0.10547,-0.039138,-0.00057966,-0.035603,0.99696,0.069349
0.034201,-0.10509,-0.040064,-0.0010839,-0.036096,0.99687,0.070399
0.034209,-0.10471,-0.040989,-0.0016229,-0.036619,0.99677,0.071498
0.034213,-0.10433,-0.041903,-0.0021611,-0.03716,0.99666,0.072623
0.034213,-0.10396,-0.042874,-0.0027557,-0.037708,0.99655,0.073819
0.034211,-0.10359,-0.043799,-0.0032765,-0.038167,0.99645,0.07501
0.034214,-0.10324,-0.044716,-0.0038953,-0.038561,0.99634,0.076183
0.034214,-0.1029,-0.045596,-0.0045011,-0.038869,0.99624,0.077346
0.034214,-0.10259,-0.046434,-0.0050519,-0.039101,0.99613,0.078498
0.034213,-0.1023,-0.047261,-0.0055256,-0.039231,0.99603,0.079666
0.034213,-0.10203,-0.048047,-0.0059762,-0.03931,0.99594,0.080792
0.034211,-0.10178,-0.048785,-0.0063501,-0.039289,0.99585,0.081906
0.034208,-0.10155,-0.049478,-0.0066759,-0.039271,0.99575,0.082993
0.034203,-0.10133,-0.050149,-0.0070214,-0.039193,0.99566,0.084079
0.034205,-0.10112,-0.050807,-0.0072777,-0.03909,0.99557,0.085195
0.03421,-0.10094,-0.051429,-0.0074854,-0.039015,0.99548,0.086236
0.034225,-0.10078,-0.05203,-0.0077003,-0.038986,0.9954,0.087209
0.034239,-0.10062,-0.052593,-0.0078415,-0.039036,0.99531,0.08813
0.034245,-0.10047,-0.053146,-0.0079677,-0.039059,0.99523,0.089044
0.034218,-0.10031,-0.053731,-0.0080938,-0.039118,0.99514,0.090016
0.034171,-0.10015,-0.054322,-0.0082952,-0.039144,0.99505,0.090989
0.03411,-0.099986,-0.054908,-0.0085173,-0.039142,0.99496,0.091945
0.034032,-0.099822,-0.055499,-0.0088311,-0.039149,0.99487,0.092885
0.034047,-0.099712,-0.055926,-0.0087964,-0.039183,0.99481,0.093526
0.034074,-0.099562,-0.056543,-0.0088564,-0.039226,0.99472,0.094393
0.034094,-0.099435,-0.057092,-0.0089421,-0.039263,0.99465,0.095106
0.034112,-0.099313,-0.057638,-0.0090776,-0.039337,0.99458,0.095778
0.034122,-0.099188,-0.058182,-0.009225,-0.039413,0.99452,0.096433
0.034131,-0.099073,-0.058726,-0.0094172,-0.039509,0.99445,0.097044
0.034131,-0.098942,-0.059322,-0.0097034,-0.039437,0.99439,0.097711
0.034128,-0.098823,-0.05993,-0.010114,-0.039281,0.99433,0.098345
0.034129,-0.098708,-0.060542,-0.010615,-0.039061,0.99427,0.098956
0.034121,-0.09859,-0.061149,-0.011122,-0.038723,0.99421,0.0996
0.034105,-0.09847,-0.061758,-0.011687,-0.038336,0.99416,0.10023
0.034079,-0.098337,-0.062424,-0.012374,-0.037803,0.9941,0.10088
0.034049,-0.098194,-0.063092,-0.013137,-0.03714,0.99405,0.10158
0.034047,-0.098101,-0.063766,-0.013981,-0.036451,0.994,0.10218
0.034041,-0.09802,-0.064432,-0.01484,-0.035727,0.99396,0.10273
0.034028,-0.097952,-0.065088,-0.015714,-0.035006,0.99392,0.1032
0.03401,-0.097878,-0.065801,-0.016616,-0.034008,0.99389,0.10372
0.033991,-0.097815,-0.066501,-0.017485,-0.033057,0.99385,0.10419
0.033983,-0.09775,-0.067189,-0.01834,-0.032109,0.99382,0.10468
0.033976,-0.097688,-0.067856,-0.019137,-0.031196,0.99378,0.10517
0.033973,-0.097648,-0.068495,-0.01981,-0.0304,0.99375,0.10557
0.033964,-0.097599,-0.069187,-0.020607,-0.02959,0.99371,0.10603
0.033953,-0.097548,-0.069865,-0.021398,-0.028733,0.99366,0.10652
0.033942,-0.097504,-0.07051,-0.022155,-0.027866,0.99362,0.107
0.033933,-0.097458,-0.071121,-0.022885,-0.027,0.99358,0.10745
0.033923,-0.097418,-0.071698,-0.023595,-0.026119,0.99354,0.10789
0.033915,-0.097378,-0.072267,-0.024315,-0.025122,0.9935,0.10834
0.033906,-0.09735,-0.072806,-0.025028,-0.02415,0.99346,0.10876
0.033897,-0.097331,-0.073322,-0.025764,-0.023219,0.99342,0.10916
0.033888,-0.097324,-0.073802,-0.026458,-0.022344,0.99338,0.10953
0.033881,-0.097331,-0.074255,-0.02715,-0.021524,0.99334,0.10987
0.033872,-0.097366,-0.074705,-0.027907,-0.020754,0.9933,0.11023
0.033865,-0.097416,-0.075124,-0.028643,-0.020074,0.99325,0.11056
0.033858,-0.097491,-0.075518,-0.029356,-0.019437,0.99321,0.11088
0.033851,-0.097588,-0.075889,-0.030069,-0.018816,0.99317,0.11119
0.033842,-0.097681,-0.076249,-0.030876,-0.018126,0.99312,0.11153
0.033836,-0.097803,-0.076598,-0.031754,-0.017356,0.99306,0.11189
0.033833,-0.097939,-0.076919,-0.03261,-0.016568,0.99301,0.11222
0.033831,-0.098088,-0.077208,-0.033431,-0.015829,0.99296,0.11254
0.033817,-0.098235,-0.077647,-0.034904,-0.015074,0.99288,0.11291
0.033819,-0.098419,-0.078016,-0.036137,-0.014361,0.99281,0.11319
0.033836,-0.098677,-0.0783,-0.037018,-0.013634,0.99276,0.11341
0.03386,-0.098975,-0.078534,-0.037703,-0.012949,0.99273,0.11358
0.033892,-0.099294,-0.07874,-0.038291,-0.012294,0.9927,0.11371
0.033927,-0.099633,-0.078916,-0.038749,-0.011699,0.99268,0.11382
0.033961,-0.1,-0.079084,-0.03917,-0.011127,0.99266,0.1139
0.033976,-0.10046,-0.079208,-0.039316,-0.010489,0.99265,0.11395
0.033993,-0.10094,-0.079345,-0.039508,-0.0098818,0.99265,0.11395
0.034006,-0.10146,-0.079488,-0.039705,-0.0093464,0.99266,0.11388
0.034025,-0.10201,-0.079643,-0.039935,-0.0088106,0.99266,0.11378
0.034048,-0.10259,-0.079821,-0.04023,-0.0082684,0.99267,0.11363
0.034079,-0.10331,-0.080024,-0.040489,-0.0077593,0.99271,0.11329
0.034116,-0.10405,-0.080218,-0.040792,-0.0073149,0.99274,0.11289
0.034148,-0.10479,-0.080409,-0.041119,-0.0069057,0.99278,0.11247
0.034173,-0.10556,-0.080589,-0.041427,-0.0064823,0.99282,0.11202
0.034209,-0.10635,-0.080751,-0.041724,-0.0060735,0.99287,0.11152
0.034259,-0.10724,-0.080895,-0.041968,-0.005685,0.99292,0.11094
0.034302,-0.10813,-0.081018,-0.042152,-0.005294,0.99298,0.11042
0.034351,-0.109,-0.081127,-0.042333,-0.0049387,0.99303,0.10989
0.0344,-0.10985,-0.081227,-0.042519,-0.0046187,0.99308,0.10937
0.034459,-0.11069,-0.08131,-0.042673,-0.0042931,0.99313,0.10884
0.034527,-0.11159,-0.081373,-0.042808,-0.0040255,0.9932,0.10822
0.034593,-0.11246,-0.08142,-0.042959,-0.003781,0.99326,0.10759
0.034644,-0.11331,-0.081432,-0.043041,-0.0035654,0.99333,0.10694
0.034693,-0.11415,-0.081416,-0.043062,-0.0034153,0.9934,0.10624
0.034746,-0.11497,-0.081384,-0.043158,-0.0031949,0.99347,0.10559
0.034804,-0.11583,-0.081272,-0.043139,-0.0029839,0.99355,0.10481
0.034859,-0.11667,-0.081137,-0.043151,-0.0027545,0.99364,0.10402
0.034913,-0.11748,-0.08096,-0.043144,-0.0025303,0.99372,0.10321
0.034954,-0.11825,-0.080754,-0.043171,-0.00224,0.9938,0.10245
0.034997,-0.11899,-0.080511,-0.043177,-0.0019363,0.99388,0.1017
0.035054,-0.11974,-0.080175,-0.043154,-0.0015771,0.99396,0.10089
0.035101,-0.12045,-0.079804,-0.0431,-0.0011739,0.99404,0.10015
0.035135,-0.1211,-0.079391,-0.042984,-0.00077766,0.99411,0.099474
0.035179,-0.12173,-0.078953,-0.042907,-0.00041989,0.99418,0.098813
0.035216,-0.12224,-0.078539,-0.042791,-8.6679e-05,0.99424,0.098257
0.035264,-0.12286,-0.077907,-0.042591,0.00048197,0.99432,0.097588
0.035309,-0.12337,-0.077308,-0.042381,0.0010209,0.99438,0.09703
0.035327,-0.12383,-0.076666,-0.042089,0.0015927,0.99444,0.096525
0.035346,-0.12425,-0.075991,-0.041751,0.0021037,0.9945,0.096042
0.03538,-0.12463,-0.075295,-0.041385,0.0025786,0.99456,0.095598
0.035411,-0.12494,-0.074454,-0.040755,0.0030819,0.99462,0.095229
0.035435,-0.12519,-0.073585,-0.040058,0.0035599,0.99467,0.094964
0.035452,-0.12539,-0.072714,-0.039394,0.0040853,0.99471,0.09476
0.03546,-0.12553,-0.07183,-0.038749,0.0046129,0.99475,0.094614
0.035474,-0.12563,-0.07094,-0.038101,0.0051902,0.99478,0.094507
0.035482,-0.12564,-0.069943,-0.0373,0.0059401,0.99481,0.094517
0.035483,-0.12561,-0.068952,-0.03652,0.006722,0.99482,0.094582
0.035485,-0.12552,-0.067966,-0.035758,0.0075386,0.99483,0.094734
0.035478,-0.12538,-0.066986,-0.035017,0.0083991,0.99483,0.094971
0.035459,-0.12519,-0.066016,-0.034306,0.0091982,0.99482,0.095231
0.035431,-0.1249,-0.064973,-0.033504,0.010068,0.9948,0.095602
0.035381,-0.12456,-0.063915,-0.032606,0.010877,0.99478,0.096038
0.035334,-0.12419,-0.062853,-0.03164,0.011596,0.99477,0.096438
0.035294,-0.12381,-0.06181,-0.030683,0.012193,0.99475,0.096834
0.035254,-0.12339,-0.060778,-0.029727,0.012723,0.99474,0.097236
0.035208,-0.12286,-0.059649,-0.028654,0.013141,0.99472,0.097703
0.035163,-0.12232,-0.058526,-0.02751,0.013496,0.9947,0.098141
0.035116,-0.12176,-0.05742,-0.026376,0.013828,0.99468,0.09861
0.035069,-0.12116,-0.05632,-0.025226,0.014115,0.99466,0.099062
0.035029,-0.12056,-0.055232,-0.024067,0.01434,0.99465,0.099467
0.034978,-0.11985,-0.054057,-0.022787,0.014539,0.99463,0.099937
0.034932,-0.11913,-0.052904,-0.021547,0.014668,0.9946,0.10041
0.034884,-0.11839,-0.051786,-0.020392,0.014804,0.99458,0.10087
0.034847,-0.11763,-0.050683,-0.01923,0.014919,0.99456,0.10132
0.034801,-0.11686,-0.0496,-0.018093,0.01508,0.99453,0.1018
0.034756,-0.11596,-0.04847,-0.016987,0.015236,0.99449,0.10233
0.034669,-0.11505,-0.047356,-0.015867,0.015407,0.99444,0.10292
0.034598,-0.11413,-0.046278,-0.01482,0.015594,0.9944,0.10352
0.034475,-0.11318,-0.045228,-0.013848,0.015752,0.99434,0.10416
0.034409,-0.11223,-0.044038,-0.012236,0.015884,0.9943,0.10471
0.034333,-0.11117,-0.042812,-0.010638,0.01606,0.99425,0.1053
0.034258,-0.11012,-0.041637,-0.009164,0.016193,0.99421,0.10583
0.034189,-0.10906,-0.040487,-0.0076851,0.016283,0.99416,0.10636
0.034119,-0.10799,-0.03937,-0.0062436,0.01639,0.99411,0.1069
0.034048,-0.10692,-0.038296,-0.0049058,0.01649,0.99406,0.10742
0.03405,-0.10575,-0.03727,-0.0038868,0.016451,0.99402,0.10786
0.034028,-0.10458,-0.036144,-0.0023555,0.016382,0.99398,0.10832
0.034031,-0.10342,-0.03521,-0.0014789,0.016285,0.99393,0.10878
0.03402,-0.10224,-0.03434,-0.00074933,0.016089,0.99388,0.10927
0.034042,-0.10108,-0.033483,2.6969e-05,0.015801,0.99384,0.10968
0.034023,-0.099788,-0.032631,0.00076481,0.015398,0.99379,0.11018
0.034046,-0.098491,-0.031829,0.0013416,0.015154,0.99374,0.11068
0.034037,-0.097185,-0.031083,0.0017961,0.014877,0.99368,0.1112
0.034002,-0.095865,-0.030375,0.0022167,0.01457,0.99363,0.11176
0.033975,-0.094541,-0.029645,0.0028161,0.01428,0.99357,0.11229
0.033936,-0.093081,-0.028861,0.0036361,0.0139,0.99351,0.11286
0.033896,-0.091634,-0.028099,0.0044918,0.013498,0.99344,0.11342
0.033852,-0.090188,-0.027394,0.0052272,0.013074,0.99338,0.11399
0.033804,-0.088735,-0.026716,0.0059306,0.012638,0.99332,0.11458
0.033754,-0.087303,-0.026071,0.0066094,0.012165,0.99326,0.11509
0.033695,-0.085717,-0.025371,0.0075037,0.011534,0.99319,0.1157
0.033635,-0.084127,-0.024689,0.008428,0.010884,0.99311,0.11634
0.033567,-0.082553,-0.024063,0.0092066,0.010238,0.99304,0.11696
0.033494,-0.080955,-0.023451,0.01001,0.0096018,0.99295,0.1177
0.03342,-0.079357,-0.022856,0.010801,0.0088916,0.99286,0.11844
0.033316,-0.077572,-0.022261,0.011501,0.0081653,0.99275,0.11936
0.033215,-0.075813,-0.021664,0.012296,0.00744,0.99264,0.12025
0.033106,-0.074029,-0.021097,0.013013,0.0067468,0.99252,0.12121
0.032995,-0.072259,-0.020525,0.01379,0.0060616,0.9924,0.12215
0.032895,-0.070482,-0.019964,0.014543,0.0054063,0.99227,0.12313
0.032769,-0.068507,-0.01937,0.015286,0.0047074,0.99211,0.12431
0.032639,-0.066539,-0.018787,0.015977,0.004045,0.99195,0.12552
0.032512,-0.064583,-0.018192,0.016782,0.0034021,0.99178,0.12677
0.032376,-0.062636,-0.017624,0.017549,0.0028156,0.99162,0.12799
0.03226,-0.060945,-0.017131,0.018197,0.0022602,0.99147,0.12903
0.032086,-0.058578,-0.016466,0.019022,0.0015007,0.99125,0.13063
0.031921,-0.056538,-0.015893,0.019687,0.00079828,0.99108,0.13181
0.031804,-0.054689,-0.015337,0.020416,-0.00025901,0.99097,0.13256
0.031692,-0.052987,-0.014822,0.021101,-0.0016426,0.99088,0.13306
0.031596,-0.051423,-0.014344,0.021797,-0.003038,0.99083,0.13333
0.031539,-0.04999,-0.01385,0.022691,-0.0047339,0.99083,0.13308
0.031512,-0.048698,-0.013355,0.023748,-0.0065203,0.99086,0.13261
0.031503,-0.047522,-0.012931,0.024694,-0.0082999,0.99091,0.132
0.031502,-0.046444,-0.012536,0.025672,-0.010119,0.99096,0.13128
0.031502,-0.045622,-0.01227,0.026364,-0.011691,0.99104,0.13038
0.031527,-0.044602,-0.011967,0.027306,-0.013862,0.99116,0.12908
0.03157,-0.043706,-0.011727,0.028173,-0.015684,0.99123,0.12814
0.03164,-0.042877,-0.01153,0.028975,-0.017441,0.9913,0.12719
0.031719,-0.0421,-0.011376,0.029674,-0.019074,0.99137,0.12627
0.031802,-0.041358,-0.011278,0.030213,-0.020584,0.99143,0.12542
0.031896,-0.040632,-0.011254,0.030567,-0.021934,0.99151,0.12444
0.03199,-0.039909,-0.011251,0.030842,-0.023106,0.99158,0.12362
0.032084,-0.039166,-0.01128,0.031001,-0.024085,0.99163,0.12301
0.032184,-0.038344,-0.011343,0.031011,-0.024843,0.99164,0.1228
0.032275,-0.037473,-0.011435,0.030886,-0.025426,0.99162,0.12282
0.03238,-0.036459,-0.011562,0.030679,-0.02573,0.99158,0.12311
0.032476,-0.035486,-0.011691,0.030467,-0.025834,0.99156,0.12336
0.032574,-0.034606,-0.011825,0.030267,-0.026012,0.99154,0.12348
0.032672,-0.033786,-0.011952,0.030085,-0.026465,0.99153,0.12354
0.032783,-0.033054,-0.012036,0.030082,-0.026971,0.99153,0.12345
0.032908,-0.032348,-0.012091,0.030167,-0.027751,0.99152,0.12332
0.033035,-0.03169,-0.012139,0.030262,-0.028546,0.99151,0.1232
0.033162,-0.031069,-0.01217,0.030406,-0.029288,0.99149,0.12312
0.033285,-0.030463,-0.012203,0.0305,-0.02993,0.99147,0.12312
0.033407,-0.02988,-0.012229,0.030565,-0.030511,0.99145,0.12314
0.033531,-0.029274,-0.012243,0.030553,-0.030989,0.99143,0.12319
0.033646,-0.02869,-0.012249,0.03051,-0.031398,0.99141,0.12326
0.03375,-0.028119,-0.012247,0.030449,-0.031731,0.99139,0.12335
0.033843,-0.027549,-0.012238,0.030344,-0.032004,0.99137,0.12348
0.033929,-0.026971,-0.012213,0.030277,-0.032199,0.99134,0.12367
0.033997,-0.026304,-0.012135,0.030273,-0.032279,0.99129,0.12401
0.034058,-0.025633,-0.012039,0.030283,-0.032327,0.99124,0.1244
0.034107,-0.024952,-0.011912,0.03033,-0.032368,0.99119,0.12484
0.034144,-0.024253,-0.011759,0.030411,-0.032387,0.99112,0.12533
0.034172,-0.023638,-0.011609,0.030497,-0.032379,0.99106,0.12578
0.034193,-0.022734,-0.011348,0.030673,-0.032333,0.99096,0.1265
0.034189,-0.021921,-0.011099,0.030843,-0.032221,0.99088,0.12713
0.034173,-0.021093,-0.010821,0.031081,-0.032098,0.99079,0.1278
0.034149,-0.020256,-0.010535,0.031306,-0.031988,0.9907,0.12848
0.034115,-0.019417,-0.010231,0.031564,-0.031895,0.9906,0.12919
0.034043,-0.018474,-0.0098732,0.031833,-0.031805,0.99049,0.12999
0.033977,-0.017632,-0.0095531,0.032075,-0.031724,0.99039,0.13071
0.033871,-0.016729,-0.0091951,0.032313,-0.031674,0.99029,0.13144
0.033783,-0.015915,-0.0088683,0.032491,-0.031803,0.99021,0.13197
0.033691,-0.015178,-0.0085676,0.032633,-0.032017,0.99015,0.13233
0.033611,-0.014511,-0.0082992,0.032734,-0.032242,0.99013,0.13244
0.033545,-0.013913,-0.0080559,0.032835,-0.032531,0.99011,0.13245
0.033497,-0.013385,-0.007829,0.032984,-0.032851,0.99011,0.13236
0.033453,-0.012917,-0.0076309,0.033125,-0.033196,0.99011,0.13219
0.033416,-0.012506,-0.0074458,0.033306,-0.033601,0.99013,0.13196
0.033358,-0.012192,-0.0072732,0.033506,-0.034217,0.99017,0.13141
0.033305,-0.011909,-0.0071081,0.033684,-0.034971,0.99021,0.13085
0.033258,-0.011662,-0.0069465,0.03389,-0.035778,0.99025,0.13029
0.033214,-0.011443,-0.0067968,0.034065,-0.036546,0.99029,0.12974
0.033175,-0.011253,-0.0066576,0.034208,-0.037199,0.99033,0.12919
0.033144,-0.011035,-0.0065222,0.034246,-0.037578,0.99037,0.12877
0.033118,-0.010847,-0.0063822,0.034283,-0.037876,0.99042,0.12832
0.033093,-0.01069,-0.0062422,0.034296,-0.038109,0.99047,0.12785
0.033065,-0.010554,-0.0061041,0.034264,-0.038246,0.99053,0.12736
0.033033,-0.010433,-0.0059688,0.03418,-0.038337,0.99059,0.12686
0.032996,-0.010337,-0.0057932,0.034115,-0.038424,0.99066,0.1263
0.032957,-0.010261,-0.0055997,0.034115,-0.038512,0.99073,0.12573
0.032918,-0.010206,-0.0054003,0.034148,-0.038615,0.9908,0.12515
0.032879,-0.010169,-0.0051993,0.034195,-0.038712,0.99087,0.12454
0.032839,-0.010146,-0.0049962,0.034256,-0.0388,0.99094,0.12392
0.032802,-0.010148,-0.004764,0.034377,-0.038936,0.99103,0.12314
0.032772,-0.01017,-0.0045357,0.034523,-0.039074,0.99112,0.12234
0.032743,-0.010192,-0.0043193,0.034658,-0.039207,0.9912,0.12156
0.032718,-0.01022,-0.0041067,0.034821,-0.039367,0.99129,0.12079
0.0327,-0.010252,-0.0038997,0.035002,-0.039537,0.99136,0.12003
0.032685,-0.010267,-0.0036911,0.035189,-0.039699,0.99144,0.11928
0.032674,-0.010284,-0.0034954,0.035363,-0.039818,0.99152,0.11855
0.032669,-0.010301,-0.0033132,0.035528,-0.039902,0.99159,0.11785
0.032668,-0.010317,-0.0031425,0.035678,-0.039945,0.99166,0.11718
0.032674,-0.010331,-0.0029791,0.035848,-0.039953,0.99173,0.11654
0.0327,-0.010338,-0.0028118,0.036059,-0.039955,0.9918,0.11587
0.03273,-0.010335,-0.0026526,0.036273,-0.039936,0.99187,0.11526
0.032777,-0.010327,-0.0024893,0.036568,-0.039908,0.99192,0.11472
0.032833,-0.010316,-0.0023315,0.036892,-0.039881,0.99197,0.11422
0.0329,-0.010306,-0.0021779,0.037263,-0.039895,0.99201,0.11375
0.033001,-0.010262,-0.002024,0.037721,-0.03997,0.99203,0.11335
0.033112,-0.01019,-0.0018853,0.038186,-0.040056,0.99205,0.11305
0.033222,-0.010134,-0.0017694,0.038641,-0.040113,0.99208,0.11261
0.033345,-0.0099663,-0.0016598,0.039101,-0.04013,0.99206,0.11255
0.033475,-0.0097146,-0.0015793,0.039458,-0.040074,0.99203,0.11272
0.033557,-0.0091927,-0.0014349,0.040032,-0.039687,0.99193,0.11353
0.033625,-0.008522,-0.0013614,0.040353,-0.039018,0.99181,0.11471
0.033675,-0.0077286,-0.0013711,0.04037,-0.038142,0.99167,0.11619
0.033725,-0.0068301,-0.0014341,0.040206,-0.037188,0.99152,0.11787
0.033785,-0.0058854,-0.0014848,0.040144,-0.036265,0.99135,0.11956
0.033825,-0.0046933,-0.0015713,0.03998,-0.035423,0.99115,0.12157
0.033861,-0.0034573,-0.001673,0.039788,-0.03469,0.99093,0.12361
0.03388,-0.0021974,-0.0017715,0.039656,-0.034121,0.9907,0.12564
0.03388,-0.00091827,-0.0018598,0.039559,-0.033715,0.99046,0.12765
0.033871,0.0003438,-0.0019512,0.03945,-0.033426,0.99023,0.12953
0.033827,0.001686,-0.0020103,0.039484,-0.033383,0.98998,0.13136
0.033767,0.0029704,-0.0020472,0.03959,-0.033429,0.98976,0.13301
0.033684,0.0041915,-0.0020672,0.039702,-0.03356,0.98955,0.13447
0.033507,0.0054608,-0.0020566,0.039733,-0.033728,0.98936,0.13585
0.033324,0.0066336,-0.0020179,0.03987,-0.03405,0.98918,0.13702
0.03311,0.00773,-0.0018959,0.040229,-0.034647,0.98902,0.13788
0.032889,0.0087549,-0.0017334,0.040698,-0.035221,0.98888,0.13866
0.032656,0.0096968,-0.0015399,0.041251,-0.035752,0.98874,0.13932
0.032418,0.010558,-0.0013141,0.041865,-0.036296,0.98862,0.13987
0.032176,0.011349,-0.0010671,0.042492,-0.036811,0.9885,0.14035
0.031894,0.012068,-0.00074262,0.043265,-0.03728,0.9884,0.14071
0.031606,0.012721,-0.00040324,0.04405,-0.037697,0.98831,0.14101
0.031314,0.013309,-5.3557e-05,0.044814,-0.038045,0.98822,0.14128
0.031015,0.013835,0.00031319,0.045614,-0.038337,0.98814,0.14151
0.030736,0.014335,0.00068497,0.046406,-0.038543,0.98805,0.14182
0.030462,0.014854,0.0010948,0.047246,-0.038444,0.98794,0.14238
0.030207,0.015344,0.0014851,0.048037,-0.038245,0.98781,0.14301
0.029975,0.015811,0.0018534,0.048778,-0.037951,0.98769,0.14371
0.029794,0.01618,0.002152,0.049396,-0.037669,0.98758,0.14431
0.029606,0.016573,0.0024574,0.050062,-0.037222,0.98747,0.14496
0.029412,0.016944,0.002753,0.0507,-0.036784,0.98735,0.14564
0.029266,0.01721,0.0029661,0.051242,-0.036401,0.98727,0.14611
0.029138,0.017432,0.0031338,0.051689,-0.036055,0.9872,0.14652
0.029026,0.017615,0.003262,0.052065,-0.035729,0.98714,0.14689
0.028926,0.017752,0.00336,0.052376,-0.035519,0.98707,0.14725
0.02884,0.017833,0.0033816,0.052552,-0.035322,0.98703,0.14754
0.02876,0.017877,0.0033598,0.052651,-0.035104,0.98699,0.14777
0.028686,0.017894,0.0033072,0.052686,-0.03488,0.98697,0.14799
0.028614,0.017878,0.0032245,0.052651,-0.034659,0.98695,0.14817
0.02854,0.01782,0.0031133,0.052572,-0.03444,0.98695,0.14828
0.028452,0.017662,0.0029523,0.052373,-0.034357,0.98697,0.14822
0.028351,0.017472,0.0027738,0.05213,-0.034256,0.987,0.14813
0.028237,0.017223,0.0025856,0.051899,-0.034118,0.98706,0.14786
0.028115,0.016927,0.0024003,0.051664,-0.034034,0.98712,0.14751
0.027983,0.016583,0.0022265,0.051437,-0.033999,0.9872,0.1471
0.027793,0.016117,0.002041,0.051087,-0.03388,0.9873,0.14657
0.027599,0.015592,0.0018701,0.050732,-0.033762,0.98741,0.14594
0.027475,0.014895,0.0017141,0.050553,-0.033695,0.98755,0.14513
0.027336,0.014132,0.0015824,0.050441,-0.033575,0.9877,0.14413
0.027182,0.01335,0.00148,0.050342,-0.033419,0.98785,0.14317
0.026981,0.012396,0.0014399,0.050183,-0.033477,0.98801,0.14213
0.026777,0.011392,0.0014311,0.050087,-0.033557,0.98817,0.14103
0.026568,0.010365,0.0014472,0.050049,-0.033615,0.98833,0.1399
0.026352,0.0093014,0.0014942,0.050121,-0.033697,0.98849,0.13868
0.026122,0.0082199,0.0015526,0.050212,-0.033769,0.98866,0.13746
0.025858,0.0070104,0.0016269,0.050306,-0.033896,0.98884,0.13607
0.025584,0.0058159,0.0017019,0.050406,-0.033986,0.98902,0.13473
0.025297,0.004636,0.001767,0.050513,-0.034046,0.98918,0.13343
0.024998,0.0034774,0.0018208,0.050606,-0.034048,0.98935,0.13216
0.024689,0.0024155,0.0018377,0.050613,-0.034088,0.98948,0.13113
0.024318,0.0014588,0.0017351,0.050296,-0.033535,0.98961,0.13045
0.023942,0.00059389,0.0015922,0.049901,-0.032921,0.98973,0.12987
0.023568,-0.00015253,0.0014432,0.049576,-0.032116,0.98981,0.12953
0.023182,-0.00079161,0.0012563,0.04919,-0.031279,0.98988,0.12937
0.022784,-0.0012998,0.0010488,0.048777,-0.030428,0.98992,0.12945
0.022336,-0.0016255,0.0007836,0.048321,-0.029595,0.98991,0.12985
0.021906,-0.0018564,0.00049991,0.047854,-0.028806,0.98989,0.13037
0.021506,-0.001992,0.0002059,0.0474,-0.028054,0.98985,0.131
0.021133,-0.0020403,-0.00010133,0.04698,-0.027273,0.9898,0.13169
0.020787,-0.001991,-0.00044303,0.046498,-0.026408,0.98974,0.1325
0.020471,-0.0018296,-0.00085514,0.04598,-0.025606,0.98967,0.13337
0.020214,-0.0016301,-0.0012409,0.04573,-0.024836,0.9896,0.13413
0.01999,-0.0014789,-0.0016174,0.045559,-0.02441,0.98955,0.13462
0.019784,-0.0013461,-0.0020341,0.045253,-0.024239,0.98952,0.13494
0.019609,-0.0012115,-0.0024086,0.045099,-0.024195,0.9895,0.13516
0.019492,-0.0011024,-0.0027055,0.045323,-0.024525,0.98949,0.1351
0.019403,-0.0010059,-0.0029712,0.045609,-0.024966,0.98949,0.13492
0.019332,-0.00091601,-0.0032073,0.045921,-0.025479,0.9895,0.13468
0.019274,-0.00082982,-0.0034233,0.046223,-0.026032,0.98951,0.13439
0.019221,-0.0007464,-0.0036165,0.046512,-0.026587,0.98952,0.13407
0.019161,-0.00066304,-0.0037944,0.046713,-0.027166,0.98955,0.13367
0.019096,-0.00058394,-0.003953,0.04688,-0.027728,0.98958,0.1333
0.019021,-0.00050936,-0.0040904,0.047023,-0.02825,0.9896,0.13295
0.018939,-0.00044031,-0.0042147,0.047096,-0.028746,0.98963,0.13262
0.018863,-0.00037997,-0.0043271,0.047097,-0.02922,0.98966,0.1323
0.018788,-0.00033453,-0.0044191,0.047019,-0.029624,0.98969,0.13202
0.018717,-0.00029476,-0.0045028,0.04689,-0.029939,0.98972,0.13177
0.018658,-0.00026691,-0.0045843,0.046705,-0.03019,0.98975,0.13154
0.018581,-0.00022598,-0.0047123,0.046238,-0.030291,0.98979,0.1314
0.018513,-0.0001924,-0.0048308,0.045744,-0.030324,0.98983,0.13128
0.018445,-0.00020041,-0.0049356,0.045183,-0.030253,0.98989,0.13101
0.018383,-0.00022562,-0.0050226,0.044616,-0.030188,0.98995,0.13072
0.01833,-0.00026479,-0.0050887,0.044067,-0.030173,0.99002,0.13042
0.018289,-0.00032298,-0.0051286,0.043564,-0.030197,0.99009,0.13008
0.018274,-0.00040463,-0.0051064,0.043262,-0.030232,0.99015,0.12968
0.018292,-0.00054723,-0.0049853,0.043204,-0.030269,0.99023,0.12909
0.018292,-0.00070489,-0.0048967,0.042952,-0.030309,0.99032,0.12848
0.018287,-0.00088147,-0.0047764,0.042765,-0.030361,0.99041,0.12783
0.018275,-0.0011321,-0.0046167,0.042545,-0.030751,0.9905,0.12713
0.018263,-0.0014005,-0.0044485,0.042315,-0.03117,0.99059,0.12636
0.018254,-0.0017055,-0.004256,0.042045,-0.031587,0.9907,0.12551
0.018251,-0.0019994,-0.0040588,0.041798,-0.03196,0.9908,0.12468
0.018255,-0.0022883,-0.0038585,0.041589,-0.032276,0.9909,0.12385
0.018262,-0.0025634,-0.0036575,0.041414,-0.032555,0.99101,0.12302
0.01827,-0.0028249,-0.0034602,0.041224,-0.032855,0.99111,0.12217
0.018281,-0.0030669,-0.0032628,0.041021,-0.033195,0.99122,0.12122
0.018291,-0.0032872,-0.0030767,0.04081,-0.03358,0.99134,0.12026
0.018299,-0.0034825,-0.0028994,0.040594,-0.033962,0.99145,0.11929
0.018304,-0.0036546,-0.0027291,0.040374,-0.034345,0.99156,0.11833
0.018308,-0.0038028,-0.0025504,0.040198,-0.034719,0.99167,0.11738
0.0183,-0.0038943,-0.0023024,0.040124,-0.035021,0.99177,0.1164
0.018275,-0.0039601,-0.0020355,0.040031,-0.035262,0.99188,0.11541
0.018239,-0.003998,-0.0017345,0.039961,-0.035503,0.99199,0.11445
0.018192,-0.0039933,-0.0013891,0.039931,-0.03579,0.99208,0.11357
0.018144,-0.0039232,-0.0010562,0.039743,-0.036106,0.99216,0.11283
0.018032,-0.0037795,-0.00078686,0.038976,-0.035947,0.99229,0.11202
0.017842,-0.0035703,-0.00053291,0.038008,-0.035536,0.99244,0.11118
0.017649,-0.0034108,-0.00029055,0.037022,-0.035251,0.99259,0.11019
0.017452,-0.0032739,-7.3419e-05,0.035995,-0.03507,0.99275,0.10918
0.017268,-0.0031525,9.2548e-05,0.035066,-0.034907,0.99288,0.10834
0.016993,-0.0029959,0.00030188,0.033869,-0.034632,0.99306,0.10719
0.016738,-0.0028873,0.00047624,0.032876,-0.034455,0.99322,0.10607
0.016477,-0.0027995,0.00063889,0.031977,-0.034371,0.99337,0.10496
0.016207,-0.0026952,0.00078555,0.031137,-0.034227,0.9935,0.10396
0.015942,-0.0025989,0.00091246,0.030363,-0.034038,0.99364,0.10296
0.015691,-0.0025051,0.0010232,0.029703,-0.033615,0.99378,0.10189
0.015458,-0.0024157,0.0011178,0.02913,-0.03316,0.99392,0.10088
0.015244,-0.0023374,0.0012051,0.02868,-0.032612,0.99405,0.099862
0.015054,-0.002254,0.0012662,0.028276,-0.031968,0.99418,0.098895
0.014894,-0.0021067,0.0012961,0.028007,-0.030906,0.99431,0.098064
0.014749,-0.0019503,0.0013013,0.027797,-0.029673,0.99443,0.097275
0.014622,-0.0018096,0.0012958,0.02761,-0.028455,0.99454,0.096496
0.014507,-0.0016811,0.0012879,0.02747,-0.02734,0.99465,0.095746
0.014404,-0.0015865,0.0012799,0.027363,-0.026344,0.99476,0.094942
0.014311,-0.0014983,0.0012698,0.027278,-0.025437,0.99486,0.094182
0.014226,-0.0014075,0.0012635,0.027206,-0.024602,0.99495,0.093434
0.014147,-0.0013254,0.0012535,0.02711,-0.023809,0.99504,0.092731
0.014072,-0.0012516,0.0012454,0.026992,-0.023062,0.99512,0.092061
0.013997,-0.0011839,0.001237,0.026844,-0.022315,0.9952,0.091439
0.013927,-0.0011236,0.0012286,0.026657,-0.021553,0.99527,0.090857
0.01386,-0.0010668,0.0012206,0.026337,-0.020638,0.99535,0.090275
0.013797,-0.0010123,0.0012137,0.025946,-0.019668,0.99543,0.089721
0.013738,-0.00096128,0.0012106,0.025507,-0.018623,0.99551,0.089188
0.013689,-0.00091457,0.0012161,0.025044,-0.017549,0.99559,0.088661
0.013642,-0.00086839,0.0012235,0.024521,-0.016449,0.99567,0.088146
0.013593,-0.00082015,0.0012429,0.02392,-0.0153,0.99575,0.087557
0.01354,-0.00077241,0.0012728,0.023331,-0.014247,0.99584,0.086932
0.013487,-0.00072737,0.0013075,0.022761,-0.013295,0.99592,0.086264
0.01343,-0.00067862,0.0013399,0.022179,-0.012424,0.99601,0.085564
0.013374,-0.00063553,0.0013748,0.021626,-0.011673,0.9961,0.084792
0.013308,-0.0006111,0.0014167,0.021059,-0.011131,0.99621,0.083666
0.013243,-0.00058257,0.0014626,0.020529,-0.010724,0.99633,0.082435
0.013183,-0.00056069,0.0015192,0.020089,-0.010463,0.99645,0.081082
0.013124,-0.00052671,0.0015792,0.019711,-0.010305,0.99657,0.079673
0.013055,-0.00046965,0.0016174,0.019264,-0.0102,0.9967,0.078227
0.012966,-0.00039382,0.0016532,0.018789,-0.010246,0.99684,0.076471
0.012867,-0.00030786,0.0016816,0.018302,-0.010323,0.99699,0.07461
0.012751,-0.00022438,0.0016979,0.0178,-0.010352,0.99715,0.072594
0.012618,-0.00013668,0.0017112,0.017355,-0.010344,0.99731,0.070458
0.012458,-3.4985e-05,0.00173,0.016895,-0.010422,0.99747,0.068285
0.012158,6.5268e-05,0.0017601,0.016345,-0.010972,0.99764,0.065848
0.011772,0.0001932,0.0014869,0.014576,-0.011838,0.9978,0.063522
0.011336,0.00029057,0.0012601,0.012843,-0.012767,0.99796,0.061167
0.010903,0.00039324,0.0010647,0.011103,-0.013646,0.99811,0.058928
0.010461,0.00049426,0.00087679,0.0093231,-0.014403,0.99824,0.056771
0.0098546,0.0006231,0.00039927,0.0060301,-0.015665,0.99835,0.054945
0.0093107,0.00071946,-1.0201e-05,0.0028867,-0.016893,0.99844,0.053162
0.0088123,0.00081521,-0.00037021,-0.00012308,-0.018056,0.99851,0.051527
0.0083578,0.00090594,-0.00067878,-0.0029483,-0.019065,0.99856,0.04998
0.0079351,0.0010006,-0.00095692,-0.0056488,-0.019897,0.99861,0.048527
0.0075574,0.00108,-0.001203,-0.0081761,-0.020635,0.99865,0.046963
0.0072185,0.0011616,-0.0014247,-0.010469,-0.021338,0.99868,0.045431
0.0069193,0.0012328,-0.0016218,-0.012464,-0.022016,0.99872,0.043897
0.0066507,0.0013202,-0.0018068,-0.014209,-0.022687,0.99874,0.042417
0.0064048,0.001411,-0.0019819,-0.015712,-0.023287,0.99877,0.040945
0.0061607,0.0015159,-0.002189,-0.017,-0.023764,0.9988,0.039362
0.0060506,0.0015577,-0.0020269,-0.01663,-0.024068,0.99887,0.0375
0.0059439,0.0015974,-0.0018958,-0.016221,-0.024301,0.99894,0.035685
0.0058418,0.0016408,-0.0017877,-0.015766,-0.024472,0.999,0.033945
0.0057471,0.0016912,-0.0016992,-0.015281,-0.02458,0.99906,0.032268
0.0056544,0.001756,-0.0016297,-0.014604,-0.024505,0.99912,0.030614
0.0055697,0.0018222,-0.0015808,-0.013936,-0.024354,0.99918,0.029078
0.0054952,0.0018575,-0.0012502,-0.012104,-0.02404,0.99926,0.02752
0.0054324,0.0018945,-0.00095723,-0.010404,-0.023682,0.99933,0.026081
0.0053803,0.0019317,-0.00070182,-0.0088417,-0.023326,0.99938,0.024782
0.0053282,0.0019693,-0.00047992,-0.0073635,-0.022946,0.99943,0.02362
0.0052759,0.0020046,-0.0002898,-0.0060323,-0.022575,0.99947,0.022613
0.0052835,0.0019961,-0.00010765,-0.0046575,-0.022296,0.9995,0.021797
0.0052835,0.0019849,5.9951e-05,-0.0033558,-0.02198,0.99953,0.021156
0.0052795,0.0019765,0.00020803,-0.0021692,-0.021643,0.99955,0.020694
0.0052705,0.0019633,0.0003403,-0.0011274,-0.02126,0.99956,0.020478
0.0052649,0.0019404,0.00045519,-0.00026294,-0.020875,0.99957,0.020384
0.0052623,0.0019106,0.00055512,0.00039203,-0.020445,0.99958,0.020406
0.005264,0.0018769,0.00062711,0.00072373,-0.019988,0.99959,0.020546
0.0052612,0.0018441,0.00068923,0.00082517,-0.019554,0.99959,0.020817
0.0052593,0.0018095,0.0004846,-0.00059218,-0.019277,0.99958,0.021415
0.0052573,0.0017424,0.00064015,-0.00075924,-0.018965,0.99958,0.021947
0.0052531,0.0016624,0.00077727,-0.0012201,-0.018621,0.99957,0.022486
0.0052403,0.0015893,0.00090215,-0.0019345,-0.018285,0.99956,0.023104
0.0052155,0.0015175,0.0010295,-0.0028245,-0.018109,0.99955,0.023763
0.0051616,0.0014816,0.00086359,-0.0052924,-0.018184,0.99952,0.024559
0.0051165,0.0014363,0.00072872,-0.00771,-0.018311,0.99948,0.025269
0.0050827,0.0013916,0.0006241,-0.010115,-0.018535,0.99944,0.025918
0.0049466,0.0014045,0.00017005,-0.013917,-0.018935,0.99936,0.026812
0.004827,0.0014004,-0.00021006,-0.017458,-0.019509,0.99928,0.027556
0.004712,0.0013924,-0.00050319,-0.020894,-0.020297,0.99918,0.028077
0.0046079,0.0013974,-0.00075573,-0.024164,-0.021094,0.99908,0.02858
0.0045034,0.0014122,-0.00096631,-0.027263,-0.02185,0.99897,0.029045
0.0044022,0.0013824,-0.0011432,-0.03024,-0.022666,0.99886,0.029281
0.0043039,0.0013617,-0.001282,-0.033044,-0.023479,0.99874,0.02951
0.00421,0.001336,-0.0013793,-0.035869,-0.024362,0.99862,0.02967
0.0041233,0.0013315,-0.0014539,-0.038539,-0.025204,0.99849,0.029897
0.0040462,0.0013266,-0.0015134,-0.041054,-0.025978,0.99837,0.030087
0.00398,0.0013206,-0.0015727,-0.043465,-0.026641,0.99824,0.030235
0.0039292,0.0013142,-0.001619,-0.045397,-0.027154,0.99814,0.030313
0.0038604,0.001312,-0.0016771,-0.047619,-0.027744,0.99802,0.030271
0.0038038,0.0013042,-0.0017397,-0.049329,-0.02815,0.99793,0.030089
0.0037482,0.0013017,-0.0018114,-0.05079,-0.028441,0.99786,0.029833
0.0036947,0.0013225,-0.0018977,-0.051976,-0.028549,0.9978,0.029571
0.0036531,0.0013287,-0.0019869,-0.052852,-0.028557,0.99777,0.029206
0.0036064,0.0013555,-0.0020948,-0.053168,-0.028556,0.99777,0.028682
0.0035529,0.0014075,-0.0022202,-0.053154,-0.028578,0.99778,0.028148
0.0035034,0.0014649,-0.0023602,-0.052866,-0.028643,0.99781,0.027518
0.0034706,0.0015108,-0.0025252,-0.052366,-0.028812,0.99785,0.026747
0.0034347,0.0015503,-0.002682,-0.051419,-0.02908,0.99792,0.025883
0.0035291,0.0015141,-0.0022208,-0.04734,-0.028926,0.99816,0.02432
0.0036406,0.0015112,-0.0021491,-0.044615,-0.028699,0.99833,0.02289
0.0037329,0.0015465,-0.0020974,-0.041808,-0.028356,0.99849,0.021565
0.0038156,0.001542,-0.0017526,-0.037708,-0.027837,0.9987,0.02014
0.0038944,0.001532,-0.0014503,-0.033706,-0.027195,0.99888,0.018802
0.0039736,0.0015311,-0.0011895,-0.029656,-0.026464,0.99905,0.017595
0.0040518,0.0015298,-0.00096684,-0.025907,-0.025777,0.9992,0.016532
0.00413,0.0015211,-0.00076082,-0.022432,-0.025141,0.99931,0.015611
0.0042088,0.001507,-0.00057492,-0.019294,-0.024562,0.9994,0.014841
0.00428,0.0014943,-0.00041363,-0.016557,-0.024025,0.99947,0.014239
0.0043444,0.0014602,-0.00026638,-0.0143,-0.023573,0.99952,0.01383
0.0044032,0.0014245,-0.00014133,-0.012449,-0.023179,0.99956,0.013536
0.0044518,0.0013958,-3.7615e-05,-0.01096,-0.022866,0.99959,0.013389
0.0044985,0.0013608,5.0935e-05,-0.0098396,-0.022621,0.99961,0.013312
0.0045398,0.0013227,0.00013107,-0.0090249,-0.022459,0.99962,0.013305
0.0045836,0.0012954,-5.8318e-05,-0.0097648,-0.022464,0.99961,0.013422
0.004618,0.0012706,-0.00022603,-0.010622,-0.02246,0.9996,0.013561
0.004643,0.0012166,-4.0901e-05,-0.010249,-0.022391,0.9996,0.013556
0.0046666,0.0011689,0.00013874,-0.010043,-0.022367,0.99961,0.013526
0.0046852,0.0011271,0.00031146,-0.0099848,-0.022381,0.99961,0.013458
0.0046971,0.0010984,0.00049643,-0.01018,-0.022498,0.99961,0.013246
0.0047068,0.0010774,0.00067825,-0.010488,-0.022635,0.9996,0.012959
0.0047107,0.001075,0.00085396,-0.010925,-0.022767,0.9996,0.012637
0.0047173,0.0011084,0.00071857,-0.012707,-0.023014,0.99958,0.012353
0.0047252,0.0011389,0.00061747,-0.014283,-0.023238,0.99956,0.012031
0.0047329,0.0011747,0.00051842,-0.016551,-0.023596,0.99952,0.011359
0.0047406,0.0011943,0.00045275,-0.01865,-0.023929,0.99948,0.010636
0.0047312,0.0011829,0.00069934,-0.019605,-0.02416,0.99947,0.0097245
0.0047347,0.0011713,0.00098912,-0.020469,-0.024366,0.99946,0.0087456
0.0047292,0.0011713,0.0012314,-0.021365,-0.024506,0.99944,0.0078505
0.0046388,0.0012011,0.0017219,-0.022259,-0.02433,0.99943,0.0065781
0.0045454,0.0012265,0.0021521,-0.023159,-0.023959,0.99943,0.0053885
0.0044493,0.0012472,0.0025584,-0.024182,-0.023428,0.99942,0.0041785
0.004343,0.0012827,0.0029257,-0.025386,-0.022837,0.99941,0.0029962
0.0043025,0.0013236,0.0030845,-0.027387,-0.022303,0.99937,0.0018026
0.0042701,0.0013587,0.0032408,-0.029465,-0.021689,0.99933,0.00055701
0.0042459,0.0013915,0.0033921,-0.031379,-0.021095,0.99928,-0.00058465
0.004236,0.0014197,0.0035395,-0.033119,-0.020542,0.99924,-0.0016258
0.0042379,0.00144,0.0036853,-0.034667,-0.020017,0.9992,-0.0025699
0.0042552,0.0014569,0.0038275,-0.036015,-0.019525,0.99915,-0.0034134
0.0042925,0.0014692,0.0039672,-0.037076,-0.019124,0.99912,-0.0041832
0.0043328,0.0014784,0.0040891,-0.037943,-0.018799,0.99909,-0.00487
0.0042428,0.0014829,0.004309,-0.038106,-0.018451,0.99909,-0.005318
0.0041639,0.0014862,0.0045025,-0.038059,-0.018211,0.99909,-0.005691
0.0040943,0.0014995,0.0046737,-0.037803,-0.018076,0.9991,-0.0059635
0.0040618,0.0014938,0.004795,-0.03713,-0.018162,0.99913,-0.0061913
0.0040362,0.0014957,0.0048815,-0.036291,-0.018302,0.99915,-0.0063423
0.0040196,0.0014994,0.0049444,-0.035207,-0.018561,0.99919,-0.0064409
0.0040071,0.001495,0.0049939,-0.033826,-0.018818,0.99923,-0.0064706
0.0039934,0.001499,0.0050049,-0.032348,-0.019058,0.99927,-0.0064143
0.0039919,0.0014829,0.0049684,-0.030421,-0.019154,0.99933,-0.0063117
0.003992,0.0014579,0.0049184,-0.028293,-0.019262,0.9994,-0.0061519
0.0039698,0.0014157,0.0048389,-0.026052,-0.019291,0.99946,-0.005961
0.0039226,0.0013864,0.0047607,-0.023937,-0.019316,0.99951,-0.0056827
0.0038516,0.0013368,0.0046523,-0.021063,-0.019373,0.99958,-0.0052224
0.0037654,0.0012655,0.0044995,-0.018286,-0.019372,0.99963,-0.0045001
0.0036778,0.0011906,0.0043431,-0.015558,-0.019283,0.99969,-0.0036285
0.0035982,0.0011039,0.0041898,-0.012915,-0.019128,0.99973,-0.0026885
0.003522,0.001023,0.0040439,-0.010387,-0.01896,0.99976,-0.0016382
0.0034577,0.00093685,0.0039087,-0.0079956,-0.018794,0.99979,-0.00055487
0.0033971,0.00084457,0.0037895,-0.0057151,-0.018633,0.99981,0.00065848
0.0033419,0.00075599,0.0036803,-0.0036785,-0.018504,0.99982,0.0018277
0.0032895,0.00067131,0.0035809,-0.0018732,-0.018393,0.99982,0.0029306
0.0032401,0.00059352,0.0034883,-0.00031532,-0.0183,0.99982,0.0039575
0.0031934,0.00052312,0.0034014,0.00099252,-0.018209,0.99982,0.004887
0.0031484,0.00046354,0.0033138,0.0019417,-0.018187,0.99982,0.0057174
0.0031005,0.00040806,0.0032382,0.0027059,-0.018203,0.99981,0.0064383
0.0030499,0.00035608,0.0031713,0.0032804,-0.01829,0.9998,0.0070294
0.0029892,0.00030932,0.0031165,0.003701,-0.018438,0.99979,0.007519
0.0029151,0.00026217,0.0030835,0.0040173,-0.018626,0.99979,0.0078815
0.0027794,0.0002214,0.0030281,0.0038995,-0.018845,0.99978,0.0081279
0.0026253,0.00017809,0.0029779,0.0036168,-0.019038,0.99978,0.008298
0.0024389,0.00013398,0.0029409,0.0032438,-0.01922,0.99977,0.0084241
0.0022084,8.9465e-05,0.002976,0.0030188,-0.019345,0.99977,0.0085494
0.0019315,2.4328e-05,0.003014,0.0027626,-0.01951,0.99977,0.0086395
0.0014984,-5.5682e-05,0.0030688,0.0024339,-0.019728,0.99976,0.0088437
0.0010326,-0.00012271,0.0031103,0.002029,-0.020082,0.99975,0.0092128
0.00058579,-0.00019231,0.0031519,0.0016621,-0.020364,0.99974,0.0096504
0.00015648,-0.0002672,0.0031674,0.0012712,-0.020551,0.99974,0.010061
-0.00023992,-0.00034652,0.00318,0.00096284,-0.020664,0.99973,0.010423
-0.00058795,-0.00041162,0.0031741,0.00080752,-0.020664,0.99973,0.010722
-0.00087872,-0.00046865,0.003195,0.0009227,-0.020674,0.99973,0.010923
-0.0011283,-0.00051808,0.0032026,0.0011341,-0.020677,0.99972,0.011056
-0.0013537,-0.00052394,0.0028304,3.3393e-06,-0.020834,0.99972,0.011295
-0.0015497,-0.00052544,0.0024978,-0.00083285,-0.020992,0.99971,0.011499
-0.0017296,-0.00051867,0.0022136,-0.0012897,-0.021156,0.99971,0.011669
-0.0018862,-0.0005139,0.001951,-0.0016965,-0.021298,0.9997,0.011808
-0.0020251,-0.00051055,0.0017129,-0.0020662,-0.021418,0.9997,0.011926
-0.0021592,-0.00050741,0.0014998,-0.0024147,-0.021523,0.99969,0.012017
-0.0022858,-0.00050585,0.0013052,-0.0027737,-0.021612,0.99969,0.012087
-0.0024255,-0.00051623,0.0011194,-0.0032661,-0.021686,0.99969,0.012113
-0.002562,-0.00052514,0.00094594,-0.0038017,-0.02175,0.99968,0.012135
-0.0026793,-0.00053331,0.00078245,-0.004399,-0.021788,0.99968,0.012139
-0.0027738,-0.00054752,0.00063974,-0.0049847,-0.021833,0.99968,0.012087
-0.0028447,-0.00055531,0.00051528,-0.005536,-0.021901,0.99967,0.011999
-0.0028898,-0.00057646,0.00074517,-0.004702,-0.021898,0.99968,0.011662
-0.0029297,-0.00059974,0.00095565,-0.0039689,-0.021884,0.99969,0.011228
-0.0029758,-0.00060786,0.0011437,-0.0033814,-0.021849,0.9997,0.010791
-0.0030214,-0.00061474,0.0013172,-0.0028894,-0.021822,0.9997,0.010323
-0.0030658,-0.00062267,0.001479,-0.002486,-0.021794,0.99971,0.0098121
-0.0031124,-0.00063792,0.0016844,-0.0019917,-0.021785,0.99972,0.009101
-0.0031492,-0.00065036,0.0018677,-0.0016182,-0.021778,0.99973,0.0083481
-0.0031841,-0.00065388,0.0020391,-0.0013148,-0.021751,0.99973,0.007537
-0.0032087,-0.00065329,0.0021989,-0.0010558,-0.021705,0.99974,0.0066117
-0.0032262,-0.00064011,0.0023416,-0.00087269,-0.021642,0.99975,0.0056056
-0.00322,-0.00060874,0.0024692,-0.0007676,-0.021669,0.99976,0.004381
-0.0032057,-0.00057059,0.0025839,-0.00069438,-0.021726,0.99976,0.0031546
-0.0031847,-0.00052909,0.0026859,-0.00063229,-0.021823,0.99976,0.0019532
-0.0031639,-0.00049351,0.0027739,-0.00057607,-0.021946,0.99976,0.00076944
-0.0031552,-0.000454,0.0028308,-0.00059988,-0.022122,0.99976,-0.00034322
-0.003153,-0.00042397,0.0028781,-0.00061407,-0.02233,0.99975,-0.0014502
-0.0031544,-0.00039296,0.0029243,-0.00061476,-0.022531,0.99974,-0.0024607
-0.0031549,-0.00036597,0.002964,-0.00063429,-0.02271,0.99974,-0.0033782
-0.003151,-0.0003417,0.0029982,-0.00066995,-0.022872,0.99973,-0.0042085
-0.0031436,-0.00031616,0.0030279,-0.00071986,-0.023017,0.99972,-0.0049474
-0.0031279,-0.00029397,0.0030517,-0.00075583,-0.023145,0.99972,-0.005607
-0.0031106,-0.00027236,0.0030744,-0.00074859,-0.023275,0.99971,-0.0061887
-0.0030884,-0.00025182,0.0030958,-0.00070374,-0.023409,0.9997,-0.0067071
-0.003067,-0.000235,0.0031111,-0.00062993,-0.023536,0.9997,-0.007166
-0.0030467,-0.00021989,0.0031248,-0.00050325,-0.023669,0.99969,-0.0075615
-0.0030334,-0.00020726,0.0031364,-0.00027281,-0.023832,0.99968,-0.0078849
-0.00302,-0.00020442,0.0031501,1.7955e-06,-0.024007,0.99968,-0.0081794
-0.0030073,-0.00020652,0.0031582,0.00027227,-0.02416,0.99967,-0.0084321
-0.0029943,-0.00020831,0.0031674,0.00055696,-0.024319,0.99967,-0.0086337
-0.0029805,-0.00020051,0.0031794,0.00083497,-0.024488,0.99966,-0.0087658
-0.0029572,-0.00019082,0.0031818,0.0010814,-0.024636,0.99966,-0.0088748
-0.0029308,-0.00018225,0.003184,0.0013113,-0.024764,0.99965,-0.0089697
-0.002901,-0.00017463,0.0031856,0.0015269,-0.024884,0.99965,-0.0090588
-0.0028724,-0.00016821,0.0031867,0.0017272,-0.024991,0.99964,-0.0091341
-0.0028461,-0.00016282,0.0031854,0.0019002,-0.025082,0.99964,-0.0091932
-0.0028264,-0.00015999,0.0031845,0.0020405,-0.025162,0.99964,-0.0092342
-0.0028098,-0.00015712,0.0031854,0.0021685,-0.025244,0.99964,-0.0092655
-0.0027986,-0.00015593,0.0031829,0.0022628,-0.02531,0.99963,-0.0092941
-0.002789,-0.00015502,0.0031849,0.0023658,-0.025385,0.99963,-0.0093151
-0.0027787,-0.00015747,0.0031836,0.0024345,-0.025429,0.99963,-0.009347
-0.0027596,-0.00015775,0.0031835,0.0025071,-0.025478,0.99963,-0.0093683
-0.0027389,-0.00015878,0.0031807,0.0025622,-0.02552,0.99963,-0.0093897
-0.0027166,-0.00016075,0.0031757,0.0026015,-0.025559,0.99963,-0.0094155
-0.0026924,-0.00016013,0.0031722,0.0026355,-0.025594,0.99962,-0.0094343
-0.0026678,-0.00016203,0.0031697,0.0026633,-0.025632,0.99962,-0.0094583
-0.0026498,-0.00016632,0.0031675,0.0026763,-0.025658,0.99962,-0.0094778
-0.0026346,-0.00017228,0.003169,0.0027017,-0.025684,0.99962,-0.0094945
-0.002623,-0.00017715,0.003169,0.0027046,-0.025707,0.99962,-0.0095034
-0.0026116,-0.00018449,0.0031692,0.0027146,-0.025731,0.99962,-0.0095114
-0.0026032,-0.00019029,0.0031682,0.0027132,-0.025745,0.99962,-0.0095162
-0.0025893,-0.00019398,0.0031687,0.0027394,-0.025772,0.99962,-0.0095231
-0.0025737,-0.00019806,0.0031634,0.0027468,-0.025784,0.99962,-0.0095361
-0.0025528,-0.00020206,0.0031626,0.0027831,-0.025804,0.99962,-0.0095514
-0.0025316,-0.00020528,0.003161,0.0028233,-0.025822,0.99962,-0.0095671
-0.0025127,-0.00020594,0.0031574,0.0028535,-0.025835,0.99962,-0.0095737
-0.0024931,-0.0002081,0.0031546,0.0028898,-0.025849,0.99962,-0.0095841
-0.0024774,-0.00021102,0.0031529,0.0029286,-0.02585,0.99962,-0.0095878
-0.0024636,-0.00021496,0.0031527,0.002968,-0.025857,0.99962,-0.0095933
-0.0024526,-0.00021805,0.0031512,0.0029962,-0.025871,0.99961,-0.0095928
-0.0024406,-0.00022262,0.0031507,0.0030274,-0.025884,0.99961,-0.0095948
-0.0024294,-0.00022467,0.003149,0.0030518,-0.025891,0.99961,-0.0095955
-0.0024147,-0.00022651,0.0031517,0.0031056,-0.025914,0.99961,-0.0096058
-0.0023972,-0.00022852,0.003152,0.0031526,-0.025939,0.99961,-0.0096225
-0.0023791,-0.00023149,0.0031499,0.0031888,-0.025953,0.99961,-0.0096433
-0.0023596,-0.00023384,0.0031469,0.0032214,-0.025959,0.99961,-0.0096617
-0.0023308,-0.00023668,0.0031613,0.0033417,-0.02597,0.99961,-0.0096871
-0.002307,-0.00023863,0.0031774,0.0034712,-0.025971,0.99961,-0.0097056
-0.0022863,-0.00024036,0.0031868,0.0035713,-0.025971,0.99961,-0.0097183
-0.0022648,-0.00024436,0.0031994,0.0036829,-0.025965,0.99961,-0.0097379
-0.0022496,-0.00024635,0.0032115,0.0037909,-0.02597,0.99961,-0.0097437
-0.0022325,-0.00024932,0.0032203,0.0038865,-0.025971,0.99961,-0.009758
-0.0022137,-0.0002518,0.0032245,0.0039646,-0.025969,0.99961,-0.0097721
-0.002194,-0.00025296,0.0032282,0.0040477,-0.025974,0.99961,-0.009785
-0.0021726,-0.00025591,0.0032271,0.0041181,-0.025969,0.99961,-0.0098027
-0.0021547,-0.00025455,0.0032367,0.0042609,-0.026007,0.9996,-0.0098234
-0.0021353,-0.00025494,0.0032383,0.0044076,-0.026043,0.9996,-0.0098456
-0.0021132,-0.00024903,0.003244,0.0045817,-0.026081,0.9996,-0.0098566
-0.0020946,-0.00024434,0.0032498,0.0047666,-0.026117,0.9996,-0.0098613
-0.0020849,-0.00023431,0.0032575,0.0049819,-0.026169,0.9996,-0.0098496
-0.0020743,-0.0002263,0.0032703,0.0052328,-0.026228,0.99959,-0.0098351
-0.0020638,-0.00022729,0.0032762,0.0055149,-0.026241,0.99959,-0.0098495
-0.0020514,-0.00023023,0.0032783,0.0057778,-0.026243,0.99959,-0.0098765
-0.0020389,-0.00023258,0.0032807,0.0060474,-0.026258,0.99959,-0.0098997
-0.0020248,-0.0002336,0.0032811,0.0063087,-0.026273,0.99959,-0.0099216
-0.0020067,-0.00023615,0.003279,0.0065547,-0.026286,0.99958,-0.0099494
-0.0019872,-0.00023425,0.0032758,0.0068169,-0.026274,0.99958,-0.0099774
-0.0019697,-0.00023219,0.0032725,0.0070656,-0.026266,0.99958,-0.0099967
-0.0019498,-0.00023425,0.003269,0.0073104,-0.026266,0.99958,-0.01002
-0.0019335,-0.00023529,0.0032632,0.0075293,-0.026252,0.99958,-0.010034
-0.0019181,-0.00023719,0.0032573,0.007738,-0.026246,0.99958,-0.01005
-0.0019038,-0.00023714,0.0032494,0.0079528,-0.026222,0.99957,-0.01004
-0.0018874,-0.00023767,0.0032494,0.0082021,-0.026207,0.99957,-0.010035
-0.001872,-0.000235,0.0032459,0.0084233,-0.026186,0.99957,-0.010016
-0.0018566,-0.00023225,0.0032431,0.0086427,-0.026175,0.99957,-0.010001
-0.0018392,-0.00022966,0.0032377,0.0088406,-0.026161,0.99957,-0.0099845
-0.0018195,-0.00022779,0.0032327,0.0090394,-0.026146,0.99957,-0.0099714
-0.0018006,-0.00022598,0.0032263,0.009211,-0.026126,0.99957,-0.0099531
-0.0017831,-0.00022472,0.0032218,0.0093756,-0.026111,0.99957,-0.0099314
-0.0017657,-0.00022399,0.0032175,0.0095153,-0.026097,0.99957,-0.009908
-0.0017518,-0.00022153,0.0032135,0.0096346,-0.026087,0.99956,-0.0098739
-0.0017359,-0.0002211,0.0032099,0.0097318,-0.026079,0.99956,-0.0098387
-0.0017194,-0.00022097,0.0032083,0.009831,-0.026078,0.99956,-0.0097993
-0.0017042,-0.00022094,0.0032046,0.0099114,-0.026079,0.99956,-0.0097572
-0.001688,-0.00021971,0.0032022,0.0099928,-0.026078,0.99956,-0.0097157
-0.0016719,-0.00022008,0.0032015,0.010085,-0.026082,0.99956,-0.0096762
-0.0016536,-0.00021877,0.0031999,0.010194,-0.026086,0.99956,-0.0096349
-0.0016361,-0.00021827,0.0031982,0.010306,-0.026094,0.99956,-0.009596
-0.0016178,-0.00021804,0.0031947,0.010417,-0.0261,0.99956,-0.0095526
-0.001476,-0.00021301,0.0030933,0.01017,-0.026169,0.99956,-0.0096444
-0.0013454,-0.00020892,0.0029916,0.0099164,-0.026222,0.99956,-0.0097189
-0.0012622,-0.00020089,0.0028801,0.0096321,-0.026289,0.99956,-0.0097087
-0.0011965,-0.00019312,0.0027693,0.0093447,-0.026351,0.99956,-0.0096775
-0.0011473,-0.0001834,0.0026515,0.009023,-0.026408,0.99956,-0.0096133
-0.001105,-0.0001849,0.0025369,0.0087275,-0.026473,0.99957,-0.0095674
-0.0010746,-0.00018283,0.0024261,0.0084471,-0.026528,0.99957,-0.009504
-0.0010641,-0.00017187,0.0023039,0.0081444,-0.026575,0.99957,-0.0093823
-0.001057,-0.00016323,0.0021837,0.0078557,-0.026608,0.99957,-0.0092589
-0.0010533,-0.00015387,0.0020715,0.0075954,-0.026633,0.99957,-0.0091304
-0.0010527,-0.00014375,0.0019804,0.0074001,-0.026654,0.99958,-0.0089987
-0.0010564,-0.00012984,0.0018679,0.0071585,-0.02668,0.99958,-0.0088196
-0.0010606,-0.00012204,0.0017667,0.0069254,-0.026681,0.99958,-0.0086405
-0.0010642,-0.00011466,0.0016742,0.0067055,-0.026695,0.99959,-0.0084617
-0.0010666,-0.00010953,0.0015923,0.0065086,-0.026701,0.99959,-0.0082918
-0.0010682,-0.00010282,0.0015187,0.0063295,-0.026703,0.99959,-0.0081392
-0.0010673,-9.9465e-05,0.0014525,0.0061744,-0.026705,0.99959,-0.0080128
-0.0010667,-9.4372e-05,0.0013896,0.0060398,-0.026696,0.99959,-0.0078923
-0.0010632,-8.9985e-05,0.0013325,0.0059192,-0.026685,0.9996,-0.0077901
-0.0010603,-8.3663e-05,0.0012834,0.0058225,-0.026679,0.9996,-0.0077002
-0.0010599,-7.8423e-05,0.0012423,0.0057339,-0.026674,0.9996,-0.0076172
-0.001057,-7.7152e-05,0.0012029,0.0056336,-0.026665,0.9996,-0.0075426
-0.0010561,-7.6084e-05,0.0011725,0.0055528,-0.026651,0.9996,-0.0074612
-0.0010578,-7.4039e-05,0.0011461,0.0054769,-0.026637,0.9996,-0.0073828
-0.0010582,-7.218e-05,0.0011192,0.0053991,-0.026626,0.9996,-0.0073156
-0.0010582,-7.0789e-05,0.0010976,0.0053464,-0.026613,0.99961,-0.0072603
-0.0010603,-6.7968e-05,0.0010744,0.0052871,-0.026598,0.99961,-0.0072092
-0.0010601,-6.5436e-05,0.0010557,0.005261,-0.026576,0.99961,-0.0071706
-0.0010568,-6.3907e-05,0.0010385,0.0052413,-0.026547,0.99961,-0.0071395
-0.0010546,-6.3097e-05,0.0010226,0.0052211,-0.026514,0.99961,-0.007115
-0.0010515,-6.0947e-05,0.0010092,0.0052123,-0.026488,0.99961,-0.0070899
-0.0010486,-5.9078e-05,0.00099758,0.0052089,-0.026459,0.99961,-0.0070649
-0.0010431,-5.328e-05,0.00099057,0.0052296,-0.026446,0.99961,-0.0070323
-0.0010379,-4.6009e-05,0.00098018,0.0052344,-0.026433,0.99961,-0.006991
-0.0010322,-4.2002e-05,0.00097254,0.0052549,-0.026408,0.99961,-0.0069506
-0.0010277,-3.5375e-05,0.00096357,0.005272,-0.02638,0.99961,-0.0068993
-0.0010239,-3.1798e-05,0.00095695,0.0053036,-0.026355,0.99962,-0.0068466
-0.001069,-1.1847e-05,0.00094866,0.0052951,-0.026285,0.99962,-0.0068769
-0.0010934,-7.6586e-06,0.00095329,0.0053944,-0.026268,0.99962,-0.0069086
-0.0011032,-1.7159e-05,0.00096698,0.0055677,-0.026301,0.99961,-0.0069645
-0.0011014,-3.3583e-05,0.00098491,0.0057835,-0.026358,0.99961,-0.0070316
-0.001089,-5.7942e-05,0.0010084,0.0060487,-0.026449,0.99961,-0.0071067
-0.0010673,-9.2969e-05,0.0010429,0.0064137,-0.026588,0.9996,-0.0072056
-0.0010435,-0.00012669,0.0010759,0.0067687,-0.026719,0.99959,-0.0073053
-0.0010196,-0.00015958,0.0011065,0.0071054,-0.026835,0.99959,-0.0074027
-0.00099767,-0.00018902,0.0011369,0.0074277,-0.026944,0.99958,-0.0074906
-0.00098148,-0.00021264,0.0011576,0.0076799,-0.027015,0.99958,-0.0075619
-0.00096578,-0.00023387,0.0011797,0.0079267,-0.027079,0.99957,-0.007623
-0.00095357,-0.00025176,0.0011965,0.0081276,-0.027126,0.99957,-0.00768
-0.00094225,-0.00026874,0.0012131,0.008315,-0.027174,0.99957,-0.0077279
-0.00092758,-0.00028495,0.0012337,0.008518,-0.027231,0.99956,-0.0077784
-0.00091408,-0.00030088,0.0012521,0.0087037,-0.027289,0.99956,-0.0078251
-0.00090074,-0.00031717,0.0012679,0.0088778,-0.027346,0.99956,-0.0078675
-0.00088996,-0.00033121,0.0012802,0.0090281,-0.027393,0.99955,-0.007902
-0.00088099,-0.00034307,0.0012949,0.0091842,-0.027444,0.99955,-0.0079324
-0.00087154,-0.00035451,0.0013068,0.0093246,-0.027485,0.99955,-0.0079638
-0.00086187,-0.00036491,0.0013158,0.0094445,-0.027514,0.99954,-0.0079987
-0.00085382,-0.00037181,0.0013258,0.0095641,-0.027549,0.99954,-0.0080342
-0.00084511,-0.00037895,0.0013324,0.0096617,-0.027571,0.99954,-0.0080762
-0.00083906,-0.00038481,0.0013396,0.0097606,-0.027596,0.99954,-0.008113
-0.00083249,-0.00038915,0.0013466,0.0098541,-0.027621,0.99954,-0.0081455
-0.0008264,-0.0003948,0.0013509,0.0099269,-0.027629,0.99954,-0.0081791
-0.0008207,-0.00039901,0.0013575,0.010008,-0.027643,0.99953,-0.0082049
-0.00081653,-0.00040203,0.0013632,0.010082,-0.027652,0.99953,-0.0082245
-0.00081256,-0.00040526,0.0013671,0.01014,-0.027665,0.99953,-0.0082402
-0.00080777,-0.00040953,0.0013751,0.010214,-0.02768,0.99953,-0.0082587
-0.00080566,-0.00041207,0.0013799,0.010268,-0.027691,0.99953,-0.0082687
-0.00080356,-0.00041415,0.0013846,0.01031,-0.027703,0.99953,-0.0082796
-0.00080098,-0.00041545,0.0013903,0.01035,-0.027712,0.99953,-0.0082868
-0.00080022,-0.00041469,0.0013969,0.010389,-0.027729,0.99953,-0.008285
-0.00079765,-0.00041657,0.0014026,0.010422,-0.027747,0.99953,-0.008297
